1 1
1 4
1 6
1 11
1 19
1 20
1 22
1 24
1 28
1 35
1 36
1 38
1 41
1 47
1 52
1 57
1 60
1 65
1 71
1 75
1 79
1 85
1 87
1 94
1 100
1 106
1 108
1 109
1 120
1 123
1 131
1 132
1 139
1 142
1 148
1 149
1 150
1 151
1 155
1 161
1 163
1 168
1 169
1 178
1 184
1 197
1 199
1 206
1 207
1 213
1 222
1 226
1 227
1 239
1 240
1 242
1 244
1 249
1 260
1 263
1 273
1 281
1 282
1 290
1 293
1 294
1 295
1 301
1 302
1 303
1 310
1 316
1 322
1 327
1 333
1 345
1 346
1 348
1 350
1 352
1 357
1 359
1 361
1 363
1 369
1 375
1 377
1 378
1 386
1 393
1 394
1 399
1 401
1 404
1 406
1 411
1 413
1 416
1 418
1 420
1 422
1 424
1 433
1 439
1 443
1 447
1 459
1 468
1 475
1 482
1 483
1 489
1 492
1 498
1 500
1 512
1 533
1 544
1 546
1 547
1 551
1 554
1 555
1 565
1 567
1 574
1 579
1 593
1 598
1 599
1 604
1 612
1 615
1 617
1 618
1 619
1 622
1 627
1 629
1 632
1 641
1 648
1 652
1 653
1 654
1 658
1 664
1 668
1 676
1 680
1 681
1 690
1 697
1 698
1 700
1 703
1 704
1 706
1 713
1 717
1 719
1 727
1 739
1 743
1 757
1 769
1 775
1 780
1 788
1 790
1 794
1 802
1 807
1 810
1 814
1 824
1 829
1 834
1 845
1 861
1 865
1 871
1 874
1 875
1 879
1 880
1 885
1 889
1 891
1 896
1 898
1 904
1 905
1 911
1 913
1 917
1 931
1 936
1 939
1 942
1 954
1 959
1 961
1 968
1 969
1 973
1 991
1 995
1 999
1 1001
1 1021
1 1026
1 1029
1 1030
1 1035
1 1037
1 1044
1 1047
1 1048
1 1050
1 1051
1 1056
1 1065
1 1070
1 1073
1 1081
1 1084
1 1092
1 1094
1 1095
1 1097
1 1100
1 1104
1 1107
1 1110
1 1125
1 1126
1 1128
1 1131
1 1141
1 1147
1 1156
1 1157
1 1164
1 1173
1 1179
1 1182
1 1184
1 1189
1 1191
1 1203
1 1212
1 1216
1 1224
1 1226
1 1228
1 1232
1 1236
1 1237
1 1238
1 1240
1 1250
1 1253
1 1258
1 1264
1 1269
1 1274
1 1283
1 1292
1 1297
1 1300
1 1305
1 1312
1 1328
1 1337
1 1359
1 1365
1 1368
1 1375
1 1376
1 1380
1 1385
1 1388
1 1392
1 1396
1 1397
1 1401
1 1402
1 1404
1 1409
1 1416
1 1420
1 1424
1 1427
1 1436
1 1438
1 1440
1 1446
1 1452
1 1456
1 1463
1 1473
1 1482
1 1483
1 1492
1 1500
1 1503
1 1509
1 1515
1 1526
1 1533
1 1536
1 1541
1 1564
1 1565
1 1567
1 1580
1 1588
1 1595
1 1602
1 1614
1 1629
1 1639
1 1649
1 1652
1 1655
1 1661
1 1666
1 1669
1 1671
1 1675
1 1679
1 1683
1 1684
1 1689
1 1699
1 1704
1 1706
1 1712
1 1714
1 1717
1 1722
1 1726
1 1727
1 1728
1 1732
1 1734
1 1739
1 1746
1 1756
1 1763
1 1768
1 1770
1 1776
1 1785
1 1788
1 1792
1 1793
1 1795
1 1799
1 1804
1 1809
1 1813
1 1815
1 1816
1 1818
1 1820
1 1822
1 1836
1 1840
1 1842
1 1848
1 1852
1 1859
1 1865
1 1868
1 1871
1 1875
1 1876
1 1877
1 1882
1 1886
1 1891
1 1901
1 1907
1 1910
1 1911
1 1916
1 1917
1 1924
1 1929
1 1939
1 1943
1 1944
1 1947
1 1954
1 1957
1 1964
1 1975
1 1987
1 1991
1 1998
1 2009
1 2015
1 2017
1 2021
1 2024
1 2028
1 2033
1 2040
1 2041
1 2053
1 2065
1 2070
1 2078
1 2083
1 2091
1 2093
1 2095
1 2100
1 2101
1 2112
1 2113
1 2115
1 2116
1 2119
1 2123
1 2125
1 2127
1 2129
1 2133
1 2134
1 2135
1 2136
1 2140
1 2146
1 2151
1 2152
1 2153
1 2158
1 2170
1 2172
1 2182
1 2185
1 2187
1 2190
1 2192
1 2197
1 2212
1 2234
1 2240
1 2248
1 2254
1 2261
1 2272
1 2281
1 2288
1 2293
1 2301
1 2302
1 2307
1 2314
1 2320
1 2324
1 2341
1 2343
1 2348
1 2360
1 2371
1 2372
1 2375
1 2377
1 2390
1 2392
1 2393
1 2397
1 2404
1 2407
1 2410
1 2411
1 2416
1 2421
1 2423
1 2432
1 2434
1 2440
1 2448
1 2457
1 2465
1 2473
1 2479
1 2486
1 2492
1 2496
1 2500
1 2502
1 2506
1 2507
1 2508
1 2512
1 2516
1 2517
1 2521
1 2529
1 2530
1 2531
1 2532
1 2537
1 2538
1 2547
1 2551
1 2553
1 2560
1 2563
1 2566
1 2569
1 2577
1 2579
1 2583
1 2585
1 2590
1 2592
1 2596
1 2598
1 2600
1 2602
1 2604
1 2613
1 2622
1 2629
1 2630
1 2631
1 2636
1 2647
1 2654
1 2656
1 2661
1 2667
1 2669
1 2671
1 2676
1 2680
1 2681
1 2683
1 2696
1 2698
1 2707
1 2712
1 2716
1 2721
1 2727
1 2736
1 2738
1 2740
1 2750
1 2753
1 2756
1 2758
1 2759
1 2765
1 2769
1 2779
1 2786
1 2791
1 2802
1 2811
1 2813
1 2817
1 2820
1 2823
1 2827
1 2830
1 2836
1 2840
1 2848
1 2852
1 2871
1 2872
1 2874
1 2877
1 2884
1 2885
1 2888
1 2891
1 2902
1 2911
1 2915
1 2918
1 2921
1 2928
1 2930
1 2933
1 2935
1 2936
1 2938
1 2942
1 2945
1 2948
1 2951
1 2967
1 2970
1 2980
1 2983
1 2985
1 2990
1 2997
1 2998
1 3000
1 3009
1 3016
1 3026
1 3032
1 3043
1 3054
1 3058
1 3063
1 3064
1 3066
1 3070
1 3075
1 3077
1 3086
1 3089
1 3093
1 3105
1 3110
1 3114
1 3115
1 3121
1 3130
1 3136
1 3138
1 3139
1 3147
1 3158
1 3162
1 3163
1 3166
1 3167
1 3171
1 3173
1 3174
1 3180
1 3188
1 3191
1 3194
1 3201
1 3203
1 3204
1 3208
1 3209
1 3211
1 3221
1 3223
1 3233
1 3239
1 3244
1 3246
1 3250
1 3255
1 3261
1 3264
1 3267
1 3269
1 3270
1 3273
1 3275
1 3284
1 3285
1 3288
1 3290
1 3292
1 3297
1 3304
1 3316
1 3323
1 3326
1 3334
1 3337
1 3354
1 3387
1 3389
1 3391
1 3394
1 3397
1 3401
1 3410
1 3411
1 3421
1 3432
1 3436
1 3441
1 3443
1 3444
1 3447
1 3450
1 3453
1 3454
1 3461
1 3465
1 3471
1 3472
1 3474
1 3483
1 3486
1 3491
1 3496
1 3498
1 3501
1 3508
1 3513
1 3518
1 3525
1 3528
1 3532
1 3535
1 3539
1 3541
1 3547
1 3550
1 3554
1 3561
1 3566
1 3575
1 3580
1 3582
1 3590
1 3593
1 3604
1 3608
1 3613
1 3617
1 3618
1 3619
1 3623
1 3624
1 3629
1 3632
1 3637
1 3638
1 3645
1 3648
1 3663
1 3664
1 3665
1 3669
1 3673
1 3674
1 3677
1 3684
1 3695
1 3699
1 3701
1 3703
1 3708
1 3714
1 3725
1 3731
1 3736
1 3742
1 3743
1 3745
1 3747
1 3750
1 3754
1 3763
1 3779
1 3788
1 3791
1 3796
1 3801
1 3804
1 3812
1 3816
1 3817
1 3822
1 3825
1 3833
1 3836
1 3842
1 3847
1 3848
1 3855
1 3856
1 3857
1 3859
1 3864
1 3866
1 3871
1 3874
1 3875
1 3877
1 3885
1 3893
1 3894
1 3899
1 3902
1 3904
1 3905
1 3911
1 3913
1 3916
1 3925
1 3927
1 3931
1 3937
1 3939
1 3941
1 3942
1 3944
1 3950
1 3960
1 3966
1 3970
1 3971
1 3972
1 3976
1 3985
1 3990
1 3992
1 3995
1 3998
1 4011
1 4015
1 4017
1 4019
1 4027
1 4032
1 4033
1 4039
1 4040
1 4044
1 4045
1 4048
1 4056
1 4061
1 4064
1 4069
1 4072
1 4077
1 4086
1 4096
1 4099
1 4102
1 4104
1 4109
1 4115
1 4120
1 4121
1 4124
1 4132
1 4134
1 4136
1 4139
1 4142
1 4144
1 4147
1 4148
1 4159
1 4173
1 4179
1 4191
1 4192
1 4202
1 4212
1 4216
1 4217
1 4225
1 4228
1 4229
1 4230
1 4236
1 4242
1 4249
1 4251
1 4254
1 4259
1 4263
1 4266
1 4267
1 4274
1 4277
1 4286
1 4292
1 4302
1 4313
1 4315
1 4320
1 4323
1 4326
1 4341
1 4345
1 4347
1 4350
1 4366
1 4368
1 4372
1 4378
1 4383
1 4395
1 4403
1 4404
1 4409
1 4410
1 4412
1 4415
1 4420
1 4426
1 4429
1 4453
1 4467
1 4481
1 4482
1 4486
1 4487
1 4494
1 4500
1 4502
1 4503
1 4525
1 4531
1 4542
1 4551
1 4555
1 4569
1 4575
1 4589
1 4592
1 4601
1 4607
1 4608
1 4611
1 4622
1 4625
1 4636
1 4637
1 4642
1 4644
1 4649
1 4654
1 4671
1 4678
1 4683
1 4694
1 4702
1 4709
1 4712
1 4713
1 4721
1 4723
1 4727
1 4732
1 4736
1 4738
1 4740
1 4741
1 4743
1 4747
1 4748
1 4751
1 4758
1 4761
1 4771
1 4772
1 4773
1 4780
1 4781
1 4786
1 4802
1 4806
1 4808
1 4811
1 4821
1 4825
1 4831
1 4832
1 4835
1 4836
1 4837
1 4840
1 4845
1 4848
1 4857
1 4860
1 4862
1 4865
1 4869
1 4871
1 4875
1 4876
1 4879
1 4882
1 4884
1 4885
1 4887
1 4892
1 4893
1 4896
1 4902
1 4904
1 4908
1 4915
1 4919
1 4921
1 4924
1 4925
1 4935
1 4941
1 4945
1 4946
1 4947
1 4948
1 4954
1 4957
1 4961
1 4971
1 4973
1 4978
1 4983
1 4990
1 4993
1 4994
1 4999
1 5001
1 5005
1 5010
1 5016
1 5021
1 5026
1 5040
1 5041
1 5043
1 5048
1 5056
1 5062
1 5073
1 5079
1 5087
1 5091
1 5100
1 5103
1 5104
1 5113
1 5118
1 5128
1 5129
1 5134
1 5144
1 5146
1 5152
1 5156
1 5164
1 5169
1 5182
1 5183
1 5184
1 5187
1 5192
1 5197
1 5198
1 5203
1 5209
1 5211
1 5215
1 5238
1 5241
1 5247
1 5248
1 5249
1 5258
1 5261
1 5267
1 5271
1 5279
1 5281
1 5284
1 5286
1 5288
1 5290
1 5292
1 5298
1 5301
1 5302
1 5303
1 5305
1 5306
1 5316
1 5318
1 5322
1 5324
1 5330
1 5333
1 5335
1 5336
1 5339
1 5340
1 5343
1 5357
1 5368
1 5375
1 5384
1 5388
1 5389
1 5393
1 5397
1 5403
1 5410
1 5414
1 5415
1 5425
1 5426
1 5428
1 5432
1 5433
1 5436
1 5439
1 5451
1 5463
1 5474
1 5476
1 5479
1 5481
1 5483
1 5485
1 5488
1 5500
1 5521
1 5525
1 5527
1 5534
1 5545
1 5550
1 5552
1 5558
1 5561
1 5563
1 5572
1 5576
1 5578
1 5579
1 5585
1 5589
1 5592
1 5597
1 5598
1 5603
1 5604
1 5605
1 5607
1 5609
1 5620
1 5623
1 5628
1 5630
1 5632
1 5644
1 5650
1 5653
1 5662
1 5665
1 5668
1 5670
1 5679
1 5681
1 5685
1 5693
1 5698
1 5701
1 5723
1 5729
1 5730
1 5731
1 5738
1 5740
1 5743
1 5744
1 5746
1 5753
1 5759
1 5762
1 5769
1 5775
1 5776
1 5779
1 5781
1 5784
1 5793
1 5796
1 5798
1 5802
1 5806
1 5814
1 5819
1 5823
1 5825
1 5829
1 5839
1 5841
1 5844
1 5851
1 5852
1 5854
1 5867
1 5870
1 5872
1 5874
1 5875
1 5876
1 5878
1 5881
1 5888
1 5892
1 5895
1 5896
1 5898
1 5905
1 5906
1 5911
1 5912
1 5920
1 5933
1 5939
1 5948
1 5954
1 5957
1 5958
1 5960
1 5962
1 5963
1 5965
1 5972
1 5977
1 5989
1 5993
1 6001
1 6002
1 6006
1 6013
1 6020
1 6024
1 6026
1 6031
1 6036
1 6039
1 6044
1 6048
1 6050
1 6054
1 6063
1 6065
1 6070
1 6078
1 6082
1 6087
1 6088
1 6089
1 6096
1 6108
1 6118
1 6138
1 6139
1 6140
1 6144
1 6148
1 6152
1 6153
1 6155
1 6159
1 6162
1 6165
1 6167
1 6171
1 6177
1 6184
1 6188
1 6196
1 6210
1 6212
1 6214
1 6217
1 6218
1 6219
1 6224
1 6237
1 6238
1 6242
1 6246
1 6255
1 6257
1 6259
1 6263
1 6266
1 6275
1 6277
1 6279
1 6284
1 6289
1 6291
1 6294
1 6295
1 6296
1 6304
1 6306
1 6310
1 6321
1 6323
1 6325
1 6327
1 6328
1 6336
1 6345
1 6346
1 6349
1 6350
1 6351
1 6354
1 6358
1 6364
1 6365
1 6369
1 6374
1 6378
1 6381
1 6403
1 6405
1 6408
1 6417
1 6421
1 6423
1 6424
1 6429
1 6432
1 6437
1 6443
1 6451
1 6452
1 6453
1 6459
1 6460
1 6463
1 6469
1 6474
1 6481
1 6486
1 6490
1 6495
1 6500
1 6504
1 6511
1 6515
1 6516
1 6517
1 6522
1 6525
1 6527
1 6528
1 6531
1 6540
1 6549
1 6560
1 6566
1 6573
1 6580
1 6581
1 6585
1 6591
1 6592
1 6593
1 6594
1 6595
1 6598
1 6609
1 6610
1 6614
1 6622
1 6626
1 6638
1 6647
1 6652
1 6654
1 6661
1 6666
1 6672
1 6676
1 6680
1 6682
1 6692
1 6697
1 6707
1 6710
1 6716
1 6723
1 6727
1 6730
1 6742
1 6747
1 6749
1 6753
1 6759
1 6765
1 6773
1 6787
1 6789
1 6801
1 6807
1 6817
1 6824
1 6831
1 6833
1 6838
1 6845
1 6855
1 6856
1 6857
1 6859
1 6872
1 6873
1 6877
1 6893
1 6897
1 6899
1 6905
1 6907
1 6909
1 6914
1 6918
1 6922
1 6924
1 6927
1 6929
1 6931
1 6932
1 6942
1 6946
1 6948
1 6950
1 6963
1 6967
1 6970
1 6974
1 6975
1 6977
1 6978
1 6984
1 6989
1 6992
1 6993
1 6995
1 6997
1 6998
1 6999
1 7006
1 7008
1 7016
1 7019
1 7029
1 7030
1 7032
1 7034
1 7035
1 7040
1 7042
1 7044
1 7045
1 7046
1 7049
1 7055
1 7061
1 7063
1 7065
1 7066
1 7070
1 7074
1 7075
1 7080
1 7086
1 7087
1 7089
1 7101
1 7116
1 7121
1 7124
1 7128
1 7130
1 7134
1 7137
1 7143
1 7146
1 7154
1 7155
1 7156
1 7161
1 7169
1 7171
1 7174
1 7181
1 7204
1 7206
1 7208
1 7212
1 7215
1 7217
1 7219
1 7221
1 7222
1 7226
1 7227
1 7229
1 7230
1 7231
1 7234
1 7236
1 7238
1 7241
1 7244
1 7248
1 7251
1 7254
1 7256
1 7257
1 7259
1 7265
1 7267
1 7272
1 7273
1 7275
1 7277
1 7280
1 7284
1 7291
1 7295
1 7298
1 7308
1 7314
1 7319
1 7324
1 7328
1 7333
1 7334
1 7336
1 7339
1 7341
1 7343
1 7345
1 7346
1 7347
1 7349
1 7352
1 7358
1 7363
1 7364
1 7366
1 7368
1 7380
1 7382
1 7388
1 7390
1 7393
1 7396
1 7403
1 7406
1 7407
1 7408
1 7409
1 7420
1 7422
1 7424
1 7425
1 7427
1 7428
1 7429
1 7436
1 7439
1 7440
1 7443
1 7445
1 7447
1 7449
1 7454
1 7457
1 7459
1 7461
1 7464
1 7469
1 7473
1 7486
1 7493
1 7496
1 7502
1 7508
1 7509
1 7512
1 7516
1 7523
1 7526
1 7530
1 7531
1 7532
1 7542
1 7548
1 7551
1 7553
1 7554
1 7558
1 7565
1 7568
1 7569
1 7576
1 7577
1 7578
1 7580
1 7587
1 7592
1 7595
1 7599
1 7600
1 7602
1 7614
1 7615
1 7616
1 7617
1 7620
1 7623
1 7624
1 7631
1 7637
1 7645
1 7649
1 7653
1 7655
1 7658
1 7670
1 7673
1 7680
1 7684
1 7691
1 7697
1 7703
1 7705
1 7712
1 7713
1 7715
1 7719
1 7726
1 7732
1 7750
1 7755
1 7761
1 7762
1 7768
1 7769
1 7773
1 7781
1 7789
1 7798
1 7803
1 7807
1 7810
1 7812
1 7819
1 7822
1 7825
1 7826
1 7832
1 7833
1 7839
1 7840
1 7845
1 7848
1 7849
1 7850
1 7851
1 7857
1 7859
1 7866
1 7867
1 7869
1 7870
1 7873
1 7874
1 7878
1 7883
1 7886
1 7888
1 7889
1 7891
1 7898
1 7905
1 7911
1 7915
1 7918
1 7924
1 7927
1 7928
1 7931
1 7933
1 7937
1 7942
1 7945
1 7949
1 7951
1 7955
1 7956
1 7959
1 7963
1 7967
1 7972
1 7983
1 7985
1 7988
1 7999
1 8005
1 8011
1 8015
1 8019
1 8020
1 8021
1 8027
1 8028
1 8037
1 8042
1 8044
1 8046
1 8056
1 8059
1 8069
1 8075
1 8077
1 8079
1 8080
1 8082
1 8087
1 8089
1 8091
1 8092
1 8094
1 8105
1 8108
1 8109
1 8110
1 8111
1 8112
1 8113
1 8114
1 8116
1 8117
1 8119
1 8120
1 8122
1 8124
1 8126
1 8130
1 8137
1 8140
1 8141
1 8142
1 8145
1 8147
1 8148
1 8149
1 8150
1 8151
1 8152
1 8153
1 8154
1 8158
1 8159
1 8161
1 8164
1 8167
1 8171
1 8172
1 8173
1 8174
1 8175
1 8176
1 8177
1 8178
1 8179
1 8180
1 8182
1 8184
1 8185
1 8186
1 8187
1 8188
1 8189
1 8190
1 8191
1 8192
1 8194
1 8196
1 8198
1 8199
1 8200
1 8201
1 8203
1 8204
1 8206
1 8207
1 8208
1 8209
1 8210
1 8211
1 8212
1 8213
1 8214
1 8215
1 8216
1 8217
1 8218
1 8219
1 8220
1 8221
1 8222
1 8224
1 8225
1 8226
1 8227
1 8229
1 8231
1 8232
1 8233
1 8234
1 8235
1 8236
1 8237
1 8238
1 8239
1 8240
1 8242
1 8243
1 8244
1 8245
1 8246
1 8247
1 8248
1 8249
1 8250
