state = {
	id = 151
	name = "STATE_151"
	manpower = 1
	state_category = city

	resources = {
		originium = 4
		coal = 20
		rubber = 2
	}

	history = {
		owner = CLM
		add_core_of = CLM
		buildings = {
			infrastructure = 1
		}
	}

	provinces = {
		24 25 26 27 28 29 30 31 32 1131 1134 1275 1276 1278 1280 1281 1282 1284 1288 4195
		4196 4197 4198 4199 4200 4201 4202 4203 4204 4205 4249 4250 4251 4325 4326 4327 4329 4332 4333 4335
		4336 4337 4338 4976 5000 5001 5002 5058 5059 5060 5061 5062 5064 5065 5068 5069 5070 5071 5072 5651
		5652 5654 5655 5656 6239 6240 6243 6530 6531 6532 6533 6534 6535 6536 6582 6583 6584 6585 6586 6587
		6588 6589 6590 6906 6907 6908 6909 6910 6911 6912 7296 7297 7298 7299 7300 7301 7303 7304 7305 7306
		7637 7638 7639 7640 7641 7642 7643 7644 7645 7646 7647
	}
	local_supplies = 0.0
}
