1 2 11 1865 
1 6 11 16 15 3012 3006 1416 
1 4 11 1866 1860 2486 
1 2 85 3432 
1 5 85 2930 2926 2931 1726 
1 2 293 6856 
1 2 293 5286 
1 2 293 5286 
1 2 293 6855 
1 4 293 5954 5952 7781 
1 3 406 1171 1173 
1 2 406 2551 
1 3 544 7142 7146 
1 3 546 545 7143 
1 5 917 924 1139 1142 6831 
1 3 917 2470 2473 
1 4 917 924 1140 1141 
1 2 1092 1816 
1 2 1092 6626 
1 4 1092 1090 1091 7226 
1 4 1141 1140 924 917 
1 6 1141 1143 2473 2476 2471 7161 
1 4 1141 1138 6699 6697 
1 3 1141 1143 2473 
1 6 1141 1143 1145 1708 1711 1706 
1 2 1173 7256 
1 3 1173 1171 406 
1 4 1416 3006 3004 3009 
1 6 1416 3006 3012 15 16 11 
1 3 1726 2931 3855 
1 5 1726 2931 2926 2930 85 
1 2 1816 1092 
1 2 1865 11 
1 3 1868 2127 3525 
1 2 1868 3114 
1 2 1891 4378 
1 3 2127 3525 5286 
1 2 2127 3525 
1 4 2127 1868 3114 3115 
1 2 2479 2486 
1 4 2486 1860 1866 11 
1 2 2486 2479 
1 2 2537 4802 
1 5 2537 4802 2551 406 4771 
1 2 2551 406 
1 2 2631 6369 
1 13 2928 2927 2924 7146 7142 544 7793 7790 7798 7796 7789 7787 7798 
1 4 2928 2927 2924 7146 
1 2 2930 3432 
1 3 2933 3567 5144 
1 2 2933 6408 
1 4 3009 3004 3006 1416 
1 4 3115 3114 1868 2127 
1 2 3115 3114 
1 2 3114 1868 
1 2 3114 3115 
1 2 3139 3138 
1 4 3138 3139 3907 3904 
1 2 3138 3139 
1 2 3432 2930 
1 2 3432 85 
1 5 3518 6408 2932 2934 5271 
1 2 3525 2127 
1 3 3525 2127 1868 
1 4 3566 7752 7743 5288 
1 3 3566 5205 5144 
1 6 3566 3565 6408 2933 2934 5271 
1 4 3669 3671 3668 4802 
1 6 3669 3671 1088 1093 1091 7226 
1 6 3669 3672 3670 2551 2536 6405 
1 5 3779 4913 5973 4907 4908 
1 2 3856 3855 
1 2 3855 3856 
1 3 3855 2931 1726 
1 2 3904 4713 
1 4 3904 3907 3139 3138 
1 2 3905 5730 
1 7 3960 6221 6233 6228 6234 6225 6224 
1 4 3960 3958 6187 6184 
1 4 3960 1896 1891 4378 
1 6 4350 4364 4353 4358 4912 7750 
1 7 4350 4356 4362 4348 4363 7143 5203 
1 5 4378 4379 7354 7351 7352 
1 4 4378 1891 1896 3960 
1 2 4378 1891 
1 7 4713 6537 4714 4715 4713 6537 6540 
1 10 4713 6537 6540 6537 4714 4715 4713 6537 6540 7424 
1 7 4713 6537 4714 4715 4713 6537 6540 
1 2 4713 3904 
1 5 4771 406 2551 4802 2537 
1 4 4802 3668 3671 3669 
1 2 4802 2537 
1 8 4896 6183 4897 1374 4339 5312 5306 1368 
1 5 4896 4898 1636 1619 1629 
1 5 4896 3957 3961 5975 5977 
1 6 4908 4911 5980 5982 5974 5977 
1 5 4908 4907 5973 4913 3779 
1 3 4908 4912 7750 
1 3 5144 5205 3566 
1 3 5144 3567 2933 
1 3 5152 7742 5288 
1 4 5203 4348 4363 7143 
1 7 5203 4348 4363 4348 4362 4356 4350 
1 2 5238 8187 
1 2 5238 5241 
1 3 5241 5240 7516 
1 2 5241 5238 
1 2 5241 5731 
1 6 5271 2934 2933 6408 3565 3566 
1 5 5271 2934 2932 6408 3518 
1 3 5286 3525 2127 
1 2 5286 293 
1 4 5286 293 6856 6065 
1 2 5286 293 
1 3 5288 7742 5152 
1 4 5288 7743 7747 3566 
1 2 5731 5241 
1 2 5731 5730 
1 2 5730 5731 
1 2 5730 3905 
1 2 5954 6855 
1 3 5954 6855 8037 
1 5 5977 5975 3961 3957 4896 
1 5 5977 1615 1624 1619 1629 
1 6 5977 5974 5982 5980 4911 4908 
1 4 6065 6856 293 5286 
1 4 6184 1595 1590 4341 
1 7 6184 1595 1590 4341 4339 5312 5306 
1 2 6184 1595 
1 4 6184 6187 3958 3960 
1 11 6224 7592 6226 6232 6222 6233 6228 6234 6225 6224 7592 
1 7 6224 6225 6234 6228 6233 6221 3960 
1 2 6369 2631 
1 6 6405 2536 2537 1089 3671 3669 
1 3 6405 6406 7576 
1 2 6408 2933 
1 2 6626 1092 
1 3 6697 608 604 
1 4 6697 6699 1138 1141 
1 3 6697 3405 3401 
1 5 6831 1142 1139 924 917 
1 2 6856 293 
1 2 6855 293 
1 2 6855 5954 
1 4 7146 2924 2927 2928 
1 3 7146 7142 544 
1 3 7143 545 546 
1 4 7143 4363 7143 5203 
1 6 7226 1091 1093 1088 3671 3669 
1 4 7226 1091 1090 1092 
1 2 7256 1173 
1 5 7352 7351 7354 4379 4378 
1 3 7512 7511 7516 
1 3 7516 7511 7512 
1 3 7516 5240 5241 
1 3 7750 4912 4908 
1 6 7750 4912 4358 4353 4364 4350 
1 4 7781 5952 5954 293 
1 3 8037 6855 5954 
1 2 8147 8148 
1 3 8147 8148 8147 
1 2 8147 8148 
1 2 8147 8148 
1 2 8147 1436 
1 3 8147 8148 8147 
1 2 8147 1436 
1 2 8148 8147 
1 2 8148 8147 
1 2 8148 8147 
1 2 8187 5238 
1 6 24 29 32 6530 6534 1131 
1 5 24 27 29 31 4249 
1 4 28 32 26 4251 
1 4 28 29 31 4249 
1 3 28 25 6907 
1 11 71 70 2024 3910 3911 6320 6321 6319 6321 6320 3911 
1 3 71 68 2101 
1 3 75 4756 4758 
1 3 227 237 226 
1 3 226 237 227 
1 4 226 232 7842 7840 
1 3 242 241 7548 
1 4 242 578 242 3913 
1 3 301 6268 6266 
1 7 327 343 323 339 323 336 719 
1 3 333 331 2936 
1 4 333 331 7864 5521 
1 3 333 340 717 
1 4 346 348 5292 5290 
1 3 346 3972 4410 
1 3 346 3972 4410 
1 3 348 5213 5211 
1 4 348 5213 5211 3859 
1 3 348 5213 5209 
1 2 348 5292 
1 3 361 362 363 
1 3 361 7761 7762 
1 6 361 7761 7757 7643 7641 7645 
1 4 363 365 4417 4420 
1 3 363 362 361 
1 4 424 425 7863 7867 
1 4 424 425 7863 7867 
1 2 579 6481 
1 6 593 589 6783 6780 6784 6773 
1 3 599 601 598 
1 4 599 596 602 7866 
1 3 598 1488 1026 
1 3 598 601 599 
1 7 653 654 3911 6320 6321 6319 7825 
1 7 653 654 3911 6320 6321 6319 7825 
1 2 654 2024 
1 7 719 336 323 339 323 343 327 
1 3 719 3457 3454 
1 3 717 340 333 
1 2 769 7459 
1 2 769 6516 
1 2 769 2530 
1 2 905 2530 
1 5 913 2736 2731 7134 7137 
1 2 911 3985 
1 2 1026 1492 
1 3 1026 1488 598 
1 2 1094 4569 
1 3 1094 7605 7602 
1 2 1094 4569 
1 4 1131 1133 1136 4040 
1 4 1131 1134 6240 6242 
1 7 1131 1134 6240 6242 5655 5658 4326 
1 2 1131 6531 
1 6 1131 6534 6530 32 29 24 
1 3 1216 4759 4758 
1 3 1283 3073 3070 
1 5 1283 7302 7304 7300 7298 
1 8 1283 1278 1276 1282 5072 5059 6590 6585 
1 5 1312 7035 7036 7617 7445 
1 3 1312 7035 2997 
1 2 1312 7035 
1 5 1312 1315 1306 6309 6310 
1 5 1492 1489 1491 1025 7236 
1 2 1492 1026 
1 3 2015 2018 2017 
1 3 2015 2018 2680 
1 4 2017 5520 7863 7867 
1 3 2017 2018 2015 
1 2 2024 654 
1 9 2100 2103 2023 654 3911 6320 6321 6319 7825 
1 3 2101 68 71 
1 2 2530 905 
1 3 2530 3876 3874 
1 2 2530 769 
1 3 2547 2546 4758 
1 2 2547 7602 
1 3 2680 2018 2015 
1 2 2680 3859 
1 3 2736 2732 6978 
1 3 2736 2731 2738 
1 3 2736 2731 7134 
1 3 2738 2731 2736 
1 12 2938 7139 7131 7132 7137 7134 2731 2732 911 910 3484 3483 
1 3 2936 331 333 
1 8 3043 3050 3041 3048 4823 4819 4818 4821 
1 3 3043 7758 7762 
1 4 3043 7758 7762 7761 
1 3 3070 3476 3474 
1 3 3070 3073 1283 
1 4 3180 4041 4042 4040 
1 3 3454 3457 719 
1 2 3454 3453 
1 4 3453 3456 5212 4144 
1 2 3453 3454 
1 2 3453 3638 
1 3 3474 3475 6148 
1 3 3474 3476 3070 
1 12 3483 3484 910 911 2732 2731 7134 7137 7132 7131 7139 2938 
1 3 3637 5292 5290 
1 2 3638 3453 
1 2 3638 5292 
1 4 3859 5211 5213 348 
1 2 3859 2680 
1 2 3874 3875 
1 3 3874 3876 2530 
1 2 3875 4017 
1 2 3875 3874 
1 3 3911 6320 6321 
1 11 3911 6320 6321 6319 6321 6320 3911 3910 2024 70 71 
1 4 3913 581 578 242 
1 2 3966 6078 
1 5 3966 4384 4381 4975 4383 
1 2 3972 4410 
1 2 3972 3971 
1 5 3971 3972 346 5290 5292 
1 2 3971 3972 
1 2 3985 911 
1 2 4019 4017 
1 2 4017 4019 
1 2 4017 3875 
1 4 4040 4042 4041 3180 
1 4 4040 1136 1133 1131 
1 4 4144 5212 3456 3453 
1 5 4249 4250 7638 7647 7645 
1 4 4249 31 29 28 
1 5 4249 31 29 27 24 
1 5 4251 6536 6534 1131 6531 
1 4 4251 26 32 28 
1 7 4326 5658 5655 6242 6240 1134 1131 
1 6 4326 4327 4333 7640 7645 7637 
1 4 4383 4386 3965 6266 
1 5 4383 4975 4381 4384 3966 
1 3 4383 4975 4973 
1 3 4410 3972 346 
1 3 4410 3972 346 
1 2 4410 3972 
1 4 4415 4416 4419 4420 
1 4 4420 4417 365 363 
1 4 4420 4419 4423 4415 
1 2 4569 1094 
1 3 4569 1094 7600 
1 2 4569 1094 
1 4 4642 585 6981 6978 
1 3 4758 4759 1216 
1 3 4758 4756 75 
1 3 4758 2546 2547 
1 6 4821 4817 4824 4847 4854 4848 
1 8 4821 4818 4819 4823 3038 3041 3050 3043 
1 4 4848 4695 4688 5892 
1 6 4848 4854 4847 4824 4817 4821 
1 3 4973 4975 4383 
1 3 4973 6317 6310 
1 4 4973 6312 6313 6666 
1 5 5062 5065 5063 6313 6666 
1 5 5062 5065 5071 5061 6585 
1 3 5209 5213 348 
1 3 5211 5213 348 
1 3 5290 5292 3637 
1 4 5290 5292 348 346 
1 2 5292 3638 
1 2 5292 348 
1 5 5292 5290 346 3972 3971 
1 4 5521 7864 331 333 
1 2 5653 6242 
1 3 5933 5929 7839 
1 4 5933 5929 7839 7174 
1 2 6078 3966 
1 4 6108 6132 6109 6118 
1 4 6118 6109 6132 6108 
1 3 6118 6776 6773 
1 3 6148 3475 3474 
1 2 6242 5653 
1 4 6242 6240 1134 1131 
1 3 6266 6268 301 
1 4 6266 3965 1311 4383 
1 5 6310 6309 1306 1315 1312 
1 3 6310 6317 4973 
1 3 6321 6320 3911 
1 2 6481 579 
1 2 6516 7459 
1 2 6516 769 
1 2 6531 1131 
1 3 6531 7303 7298 
1 5 6531 1131 6534 6536 4251 
1 8 6585 6590 5059 5072 1282 1276 1278 1283 
1 5 6585 5061 5071 5065 5062 
1 4 6666 6313 6312 4973 
1 5 6666 6313 5063 5065 5062 
1 3 6773 6776 6118 
1 6 6773 6784 6780 6783 589 593 
1 4 6978 6981 585 4642 
1 3 6978 2732 2736 
1 2 7137 7134 
1 5 7137 7134 2731 2736 913 
1 3 7134 2731 2736 
1 2 7134 7137 
1 4 7174 7839 5929 5933 
1 5 7236 1025 1491 1489 1492 
1 5 7298 7300 7304 7302 1283 
1 3 7298 7303 6531 
1 4 7445 7617 6902 7617 
1 5 7445 7617 7036 7035 1312 
1 2 7459 6516 
1 2 7459 769 
1 3 7548 241 242 
1 2 7548 7599 
1 3 7600 1094 4569 
1 2 7602 2547 
1 3 7602 7605 1094 
1 6 7637 7645 7640 4333 4327 4326 
1 6 7645 7641 7643 7757 7761 361 
1 5 7645 7647 7638 4250 4249 
1 4 7761 7762 7758 3043 
1 3 7762 7758 3043 
1 3 7762 7761 361 
1 2 7773 4011 
1 7 7825 6319 6321 6320 3911 654 653 
1 9 7825 6319 6321 6320 3911 654 2023 2103 2100 
1 7 7825 6319 6321 6320 3911 654 653 
1 4 7840 7842 232 226 
1 2 7840 7839 
1 2 7839 7840 
1 3 7839 5929 5933 
1 3 7867 7862 7866 
1 4 7867 7863 425 424 
1 4 7867 7863 425 424 
1 4 7867 7863 5520 2017 
1 4 7866 602 596 599 
1 3 7866 7862 7867 
1 3 1 4914 7532 
1 3 1 7532 139 
1 4 65 7077 65 4808 
1 3 65 66 1070 
1 5 123 4457 4460 4476 4467 
1 3 139 7532 1 
1 3 222 221 3496 
1 2 377 6365 
1 3 377 7067 4551 
1 3 386 5235 5215 
1 2 439 3501 
1 3 439 3607 3608 
1 4 680 6152 6151 6152 
1 3 1070 67 65 
1 2 1236 3288 
1 5 1236 3288 3285 2534 2532 
1 2 1375 1376 
1 2 1376 7949 
1 3 1376 7949 6747 
1 2 1376 1375 
1 3 1602 1600 5056 
1 10 1684 1693 1685 1686 1691 1686 1694 1687 1685 1689 
1 2 1689 7074 
1 10 1689 1685 1687 1694 1686 1691 1686 1685 1693 1684 
1 10 1734 5230 5224 5234 386 5235 5215 5492 5505 5500 
1 18 1734 5230 5224 5234 386 5235 5215 5492 5503 5507 5499 5508 391 388 389 1734 5960 7532 
1 4 1901 1904 7523 7956 
1 3 1901 1904 7523 
1 4 1901 1903 7260 7259 
1 4 1901 1905 126 3822 
1 2 2140 3618 
1 2 2140 3618 
1 5 2158 2159 3092 5835 5839 
1 4 2158 2159 3823 3822 
1 2 2158 3089 
1 3 2158 3089 6661 
1 2 2341 4044 
1 2 2341 4045 
1 4 2341 4045 2140 3618 
1 6 2432 384 391 388 387 5960 
1 2 2531 2532 
1 5 2532 2534 3285 3288 1236 
1 2 2532 2531 
1 2 2569 7428 
1 2 2970 8027 
1 3 3267 2342 4045 
1 4 3285 3288 1236 3288 
1 2 3288 1236 
1 4 3288 1236 3288 3285 
1 5 3394 6940 6947 6944 6942 
1 4 3394 7266 6943 6946 
1 4 3394 7266 7270 5579 
1 3 3394 7266 7265 
1 3 3496 221 222 
1 2 3501 439 
1 3 3501 2971 3608 
1 3 3608 3607 3501 
1 3 3608 3607 439 
1 4 3618 2140 4045 2341 
1 2 3618 2140 
1 2 3618 2140 
1 8 3822 7258 7259 7260 7262 3822 7258 7259 
1 4 3822 126 1905 1901 
1 7 3822 7258 5835 3092 3823 7258 5839 
1 4 3822 3823 2159 2158 
1 5 3998 4474 4472 4461 4961 
1 2 4044 2341 
1 2 4045 2341 
1 3 4045 2342 3267 
1 4 4069 4580 4581 6622 
1 4 4069 4577 4573 4575 
1 5 4069 4578 4574 6617 5118 
1 2 4134 6006 
1 3 4134 6008 6002 
1 5 4467 4476 4460 4457 123 
1 6 4467 4455 4466 4473 4468 4961 
1 6 4467 4465 1605 1599 5807 5806 
1 3 4551 7067 377 
1 6 4575 4573 4583 4573 4583 6622 
1 2 4575 7070 
1 4 4575 4573 4577 4069 
1 4 4808 65 7077 65 
1 2 4882 4879 
1 2 4879 4882 
1 2 4915 5183 
1 5 4961 4461 4472 4474 3998 
1 6 4961 4963 4960 4968 4967 2170 
1 6 4961 4468 4473 4466 4455 4467 
1 3 5056 1600 1602 
1 2 5056 7715 
1 4 5183 3712 3713 4712 
1 2 5183 4915 
1 6 5215 5220 5217 5227 5471 5474 
1 4 5215 5492 5505 5500 
1 7 5215 5492 5505 5500 5497 5498 5806 
1 3 5215 5492 386 
1 8 5474 5471 5473 5468 5472 4958 3154 3158 
1 7 5474 5471 5473 5468 5472 2785 5762 
1 6 5474 5471 5227 5217 5220 5215 
1 3 5485 7458 7457 
1 5 5485 5484 223 225 7044 
1 3 5485 434 6152 
1 4 5500 5505 5492 5215 
1 10 5500 5505 5492 5215 5492 386 5234 5224 5230 1734 
1 6 5806 5807 1599 1605 4465 4467 
1 5 5806 5808 5809 7715 7065 
1 7 5806 5498 5497 5500 5505 5492 5215 
1 7 5806 5491 5508 391 388 387 5960 
1 4 5920 5926 5055 7065 
1 7 5960 387 388 391 5508 5491 5806 
1 6 5960 387 388 391 384 2432 
1 3 6002 6008 4134 
1 2 6002 357 
1 3 6002 357 1714 
1 2 6006 4134 
1 3 6152 434 5485 
1 4 6152 6151 6152 680 
1 2 6365 377 
1 5 6365 377 6365 7335 7334 
1 3 6747 7949 1376 
1 5 7044 225 223 5484 5485 
1 4 7065 5055 5926 5920 
1 2 7065 7715 
1 5 7065 7715 5809 5808 5806 
1 2 7070 4575 
1 3 7075 7071 7074 
1 3 7074 7071 7075 
1 2 7074 1689 
1 3 7267 7264 7333 
1 3 7265 7266 3394 
1 4 7265 3395 3393 7428 
1 5 7334 7335 6365 377 6365 
1 3 7333 7264 7267 
1 2 7428 2569 
1 4 7428 3393 3395 7265 
1 18 7532 5960 387 389 388 391 5508 5499 5507 5503 5492 5215 5492 386 5234 5224 5230 1734 
1 3 7532 4914 1 
1 2 7715 5056 
1 2 7715 7065 
1 2 7949 1376 
1 2 8027 2970 
1 4 41 39 4918 4919 
1 5 38 41 39 4918 4919 
1 4 38 37 5600 5603 
1 4 106 107 5319 5318 
1 2 106 3246 
1 6 106 3246 4946 4978 5104 3708 
1 4 106 3246 4946 4978 
1 3 378 379 7061 
1 2 378 6710 
1 3 399 5758 5759 
1 5 399 4612 4615 396 4622 
1 5 443 442 7954 7955 1191 
1 7 612 5374 5369 1782 1774 1781 6403 
1 12 612 5374 5381 5372 3318 3319 3321 6157 2765 3674 1041 1044 
1 6 810 4900 4903 4902 7124 8112 
1 7 865 3142 3147 5611 5620 5612 7336 
1 5 896 893 6397 6390 1269 
1 3 896 893 5156 
1 4 896 6925 6926 6924 
1 6 961 2422 5575 5568 5572 5169 
1 12 1044 1041 3674 2765 6157 3321 3319 3318 5372 5381 5374 612 
1 5 1044 1041 1042 1040 7251 
1 2 1050 1051 
1 3 1050 5337 4104 
1 2 1051 8211 
1 2 1051 1050 
1 2 1191 7955 
1 5 1191 7955 7954 442 443 
1 6 1191 7955 7954 442 440 4948 
1 2 1258 3397 
1 3 1258 1257 6977 
1 5 1269 6390 6397 893 896 
1 4 1365 7882 7880 7883 
1 3 1365 5319 5318 
1 4 1639 1642 1638 1768 
1 5 1639 1642 1638 1768 6998 
1 4 1699 1697 6158 4102 
1 4 1699 4750 4752 4751 
1 6 1770 1772 1769 5790 5784 7848 
1 4 1768 1638 1642 1639 
1 2 1768 6998 
1 4 1776 6770 3067 3066 
1 5 1776 1778 3068 5380 5375 
1 3 1842 1844 2560 
1 2 1842 7883 
1 2 1954 6592 
1 2 1954 5335 
1 5 1987 397 399 5758 5759 
1 4 2416 2413 2415 6927 
1 2 2411 5620 
1 6 2423 5572 5169 5167 8108 8109 
1 2 2421 8221 
1 3 2560 1844 1842 
1 4 2585 2586 3420 3421 
1 3 2585 379 7061 
1 2 2696 3747 
1 4 2696 2692 7987 7985 
1 5 2716 962 965 960 6931 
1 2 2716 4592 
1 5 2765 6157 3321 3319 3323 
1 2 2765 3674 
1 3 2791 2794 4611 
1 2 2791 4263 
1 4 2791 4264 6755 6759 
1 4 3066 3067 6770 1776 
1 2 3130 6504 
1 6 3147 5611 5620 5612 7337 7339 
1 6 3147 3142 3148 865 868 3191 
1 6 3191 868 865 3148 3142 3147 
1 2 3246 106 
1 2 3246 4946 
1 6 3246 4946 4945 4978 5103 4625 
1 5 3326 3320 8043 8044 4115 
1 5 3323 3322 3328 5377 5375 
1 5 3323 3319 3321 6157 2765 
1 2 3397 5335 
1 2 3397 1258 
1 4 3421 3420 2586 2585 
1 2 3471 3472 
1 2 3471 6927 
1 2 3472 4904 
1 2 3472 3471 
1 2 3674 2765 
1 6 3708 5104 4978 4946 3246 106 
1 2 3708 5104 
1 2 3747 5336 
1 2 3747 2696 
1 3 4102 6158 6159 
1 3 4102 6158 6159 
1 4 4102 6158 1697 1699 
1 3 4104 5337 1050 
1 2 4104 5336 
1 3 4115 8055 4781 
1 2 4115 8044 
1 5 4115 8044 8043 3320 3326 
1 5 4259 4261 4258 3131 6495 
1 2 4263 2791 
1 2 4486 7565 
1 3 4486 4484 4611 
1 2 4592 2716 
1 2 4592 4865 
1 3 4611 4484 4486 
1 3 4611 2794 2791 
1 6 4625 5103 4978 4945 4946 3246 
1 2 4625 5103 
1 6 4622 4609 4615 4612 4610 5759 
1 5 4622 4609 4615 4612 399 
1 5 4622 4618 4621 4617 6997 
1 4 4751 4752 4750 1699 
1 3 4751 2764 6291 
1 3 4781 4782 6765 
1 3 4781 8055 4115 
1 2 4865 4592 
1 2 4904 3472 
1 2 4902 7124 
1 5 4902 4904 3472 3471 6927 
1 5 4919 4918 39 41 38 
1 4 4919 4918 39 41 
1 3 4945 4978 5103 
1 2 4946 3246 
1 2 4946 4978 
1 5 4947 5624 5629 4950 4948 
1 6 4947 4951 490 493 486 489 
1 3 4947 5624 5630 
1 7 4947 4951 490 493 485 487 2945 
1 4 4947 4951 490 492 
1 6 4948 440 442 7954 7955 1191 
1 4 4948 440 441 5628 
1 5 4948 4950 5629 5624 4947 
1 4 4978 4946 3246 106 
1 2 4978 4946 
1 2 4978 6140 
1 2 4978 5104 
1 2 5040 6593 
1 3 5040 7223 7222 
1 6 5040 7223 7222 1640 7848 5784 
1 2 5041 7221 
1 3 5103 4978 4945 
1 2 5103 4625 
1 2 5104 4978 
1 2 5104 3708 
1 3 5156 893 896 
1 3 5164 5166 5169 
1 3 5169 5166 5164 
1 2 5169 5572 
1 6 5169 5572 5568 5575 5567 961 
1 3 5318 5319 1365 
1 2 5318 7959 
1 4 5318 5319 107 106 
1 2 5335 8019 
1 2 5335 1954 
1 3 5335 7007 7008 
1 2 5335 3397 
1 2 5336 4104 
1 2 5336 3747 
1 4 5339 4749 4754 6291 
1 2 5339 5481 
1 5 5375 5380 3068 1778 1776 
1 5 5375 5377 3328 3322 3323 
1 2 5481 5339 
1 3 5481 5577 5576 
1 2 5572 5169 
1 3 5576 5577 5481 
1 2 5576 7251 
1 3 5576 5760 5759 
1 4 5603 5600 37 38 
1 2 5603 5598 
1 2 5598 5603 
1 3 5598 6766 6765 
1 3 5620 5612 7336 
1 2 5620 2411 
1 3 5630 5624 4947 
1 4 5628 441 440 4948 
1 3 5759 5760 5576 
1 3 5759 5758 399 
1 5 5759 5758 399 397 1987 
1 6 5759 4610 4612 4615 396 4622 
1 5 5793 5787 5784 7848 7849 
1 6 5784 7848 1640 7222 7223 5040 
1 2 5784 7848 
1 2 6024 6927 
1 2 6140 4978 
1 3 6159 6158 4102 
1 3 6159 6158 4102 
1 2 6165 7955 
1 3 6291 2764 4751 
1 4 6291 4754 4749 5339 
1 7 6403 1781 1774 1782 5369 5374 612 
1 2 6437 6924 
1 5 6495 3131 4258 4261 4259 
1 2 6495 7620 
1 4 6495 6493 7620 5819 
1 2 6504 3130 
1 2 6504 7620 
1 2 6592 6594 
1 2 6592 1954 
1 2 6593 6594 
1 2 6593 5040 
1 2 6594 6592 
1 2 6594 6593 
1 2 6710 378 
1 5 6710 4257 6494 6493 7620 
1 4 6759 6755 4264 2791 
1 2 6759 6999 
1 3 6765 6766 5598 
1 3 6765 4782 4781 
1 4 6924 6926 6925 896 
1 2 6924 6437 
1 4 6924 6437 6164 7955 
1 2 6927 3471 
1 5 6927 3471 3472 4904 4902 
1 4 6927 2415 2418 8137 
1 4 6927 2415 2413 2416 
1 2 6927 6024 
1 2 6931 7206 
1 5 6931 960 965 962 2716 
1 13 6931 960 965 962 2716 2714 4865 4863 3416 3421 6930 7688 7691 
1 3 6977 1257 1258 
1 2 6977 6999 
1 5 6997 4617 4621 4618 4622 
1 5 6998 1768 1638 1642 1639 
1 2 6998 1768 
1 2 6999 6977 
1 2 6999 6759 
1 2 7008 7869 
1 3 7008 7007 5335 
1 3 7061 379 2585 
1 3 7061 379 378 
1 2 7124 8112 
1 2 7124 4902 
1 3 7222 7223 5040 
1 2 7222 7221 
1 2 7221 7222 
1 2 7221 5041 
1 5 7251 1040 1042 1041 1044 
1 2 7251 5576 
1 2 7339 7336 
1 6 7339 7337 5612 5620 5611 3147 
1 2 7336 7339 
1 3 7336 5612 5620 
1 7 7336 5612 5620 5611 3147 3142 865 
1 2 7565 4486 
1 5 7620 6493 6494 4257 6710 
1 2 7620 6495 
1 2 7620 6504 
1 5 7620 6493 6495 7620 5819 
1 13 7691 7688 6930 3421 3416 4863 4865 2714 2716 962 965 960 6931 
1 4 7691 5396 5398 79 
1 5 7691 5396 82 78 5607 
1 5 7691 7690 7687 7692 2915 
1 2 7849 7848 
1 5 7849 7848 5784 5787 5793 
1 2 7848 7849 
1 3 7848 5792 8199 
1 2 7848 5784 
1 6 7848 5784 5790 1769 1772 1770 
1 2 7870 8019 
1 2 7869 7008 
1 4 7869 7008 7986 7985 
1 2 7883 1842 
1 4 7883 7880 7882 1365 
1 4 7955 6164 6437 6924 
1 2 7955 1191 
1 2 7955 6165 
1 5 7955 1191 1195 7958 7959 
1 5 7959 7958 1195 1191 7955 
1 2 7959 5318 
1 4 7985 7987 2692 2696 
1 4 7985 7986 7008 7869 
1 2 8019 5335 
1 2 8019 7870 
1 3 8046 8048 8044 
1 3 8044 8048 8046 
1 2 8044 4115 
1 2 8108 8229 
1 4 8108 8107 8113 8114 
1 2 8108 8109 
1 3 8110 8109 8111 
1 3 8110 8109 8111 
1 2 8109 8108 
1 6 8109 8108 5167 5169 5572 2423 
1 3 8111 8109 8110 
1 3 8111 8109 8110 
1 2 8112 8113 
1 2 8112 7124 
1 6 8112 7124 4902 4903 4900 810 
1 2 8112 8113 
1 4 8114 8113 8107 8108 
1 2 8113 8112 
1 2 8113 8112 
1 2 8117 8116 
1 3 8117 8115 8122 
1 2 8116 8117 
1 2 8119 8120 
1 4 8119 8146 8143 8140 
1 3 8120 8123 8124 
1 2 8120 8119 
1 3 8124 8123 8122 
1 3 8124 8123 8120 
1 3 8122 8115 8117 
1 3 8122 8123 8124 
1 5 8126 8128 8131 8127 8130 
1 4 8126 8128 8125 8137 
1 3 8130 8135 8172 
1 5 8130 8127 8131 8128 8126 
1 4 8137 2418 2415 6927 
1 4 8137 8125 8128 8126 
1 2 8141 8216 
1 2 8140 8216 
1 4 8140 8143 8146 8119 
1 3 8140 8145 8142 
1 2 8145 8216 
1 3 8142 8145 8140 
1 2 8161 8159 
1 5 8161 8160 8162 8165 8164 
1 2 8159 8161 
1 2 8159 8167 
1 5 8164 8165 8162 8160 8161 
1 2 8167 8159 
1 3 8172 8135 8130 
1 3 8171 8173 8224 
1 2 8173 8224 
1 2 8173 8190 
1 2 8173 8190 
1 2 8179 8180 
1 3 8179 8181 8184 
1 2 8179 8180 
1 2 8180 8179 
1 2 8180 8217 
1 2 8180 8217 
1 2 8180 8179 
1 2 8184 8182 
1 3 8184 8181 8179 
1 2 8182 8184 
1 2 8190 8173 
1 2 8190 8224 
1 2 8190 8233 
1 2 8190 8173 
1 3 8199 5792 7848 
1 2 8211 8212 
1 2 8211 1051 
1 2 8212 8247 
1 2 8212 8211 
1 3 8213 8246 8215 
1 2 8213 8239 
1 2 8215 8246 
1 3 8215 8246 8213 
1 2 8216 8141 
1 2 8216 8140 
1 2 8216 8145 
1 2 8217 8180 
1 2 8217 8180 
1 2 8221 2421 
1 2 8221 8238 
1 2 8224 8225 
1 2 8224 8190 
1 2 8224 8173 
1 3 8224 8173 8171 
1 2 8225 8224 
1 2 8225 8227 
1 2 8227 8225 
1 2 8229 8108 
1 2 8233 8190 
1 2 8238 8221 
1 2 8239 8213 
1 2 8246 8215 
1 2 8247 8212 
1 8 142 3446 3205 1485 1482 1475 3206 3204 
1 2 150 1712 
1 2 150 1712 
1 6 345 1675 4034 4039 4036 617 
1 7 533 529 535 527 536 530 1081 
1 3 617 7683 1655 
1 6 617 4036 4039 4034 1675 345 
1 3 617 7683 1655 
1 2 629 627 
1 2 627 629 
1 2 627 3745 
1 2 627 3743 
1 2 698 4857 
1 2 697 4857 
1 3 703 702 704 
1 2 704 4099 
1 3 704 702 703 
1 5 861 856 860 854 4033 
1 4 861 1974 1980 7587 
1 2 889 2021 
1 7 1081 530 536 527 535 529 533 
1 4 1081 1394 1391 1392 
1 5 1081 1080 4560 4567 4555 
1 2 1274 3743 
1 2 1274 7577 
1 2 1274 3204 
1 3 1274 3204 3203 
1 2 1392 5698 
1 4 1392 1391 1394 1081 
1 12 1483 1487 1476 1475 3206 3204 626 627 629 628 7128 7531 
1 4 1482 1475 3206 3204 
1 3 1509 1513 4555 
1 8 1509 4672 4673 4669 1509 4672 4670 4671 
1 5 1509 1514 3849 3854 3848 
1 3 1595 1597 7592 
1 3 1595 1590 4341 
1 6 1595 1590 4341 4339 5312 5306 
1 2 1595 6184 
1 3 1655 7683 617 
1 3 1655 7683 617 
1 3 1655 4034 1675 
1 2 1675 7859 
1 11 1675 4034 4037 4033 890 889 2021 889 5085 344 5087 
1 3 1675 4034 1655 
1 3 1675 4034 4039 
1 2 1712 150 
1 2 1712 150 
1 2 1975 7587 
1 2 2021 889 
1 9 2375 2373 5700 5702 5704 7391 7386 7389 7390 
1 2 2375 5389 
1 3 2375 2373 2372 
1 3 2372 2373 2375 
1 4 2613 2611 2617 5650 
1 2 2848 3016 
1 2 3016 2848 
1 3 3016 2848 5091 
1 6 3016 2841 7583 7591 7585 7587 
1 2 3093 6217 
1 2 3093 3447 
1 5 3093 3447 3444 6991 6989 
1 4 3204 3206 1475 1482 
1 2 3204 1274 
1 8 3204 3206 1475 1482 1485 3205 3446 142 
1 3 3203 3204 1274 
1 2 3203 6327 
1 3 3203 3207 7684 
1 2 3447 3093 
1 4 3447 3444 6991 6989 
1 2 3447 3444 
1 2 3444 3447 
1 6 3613 3019 3014 7582 7585 7587 
1 4 3745 3744 628 7128 
1 2 3745 627 
1 4 3745 3743 1274 7577 
1 2 3743 627 
1 2 3743 1274 
1 5 3743 1274 7577 617 5340 
1 5 3848 3854 3849 1514 1509 
1 4 3848 3850 7163 7161 
1 4 3848 3693 2262 2261 
1 5 3848 3852 7160 3694 3695 
1 3 4039 4034 1675 
1 5 4033 854 860 856 861 
1 2 4099 704 
1 3 4099 704 4099 
1 9 4099 4100 481 1261 1265 1260 4098 481 483 
1 3 4099 704 4099 
1 3 4341 1590 1595 
1 4 4341 1590 1595 6184 
1 4 4341 4339 1370 1368 
1 5 4555 4567 4560 1080 1081 
1 3 4555 1513 1509 
1 2 4857 698 
1 2 4857 697 
1 11 5087 344 5085 889 2021 889 890 4033 4037 4034 1675 
1 3 5091 2848 3016 
1 6 5306 5312 4339 4341 1590 1595 
1 7 5306 5312 4339 4341 1590 1595 6184 
1 2 5306 1368 
1 6 5306 1368 1369 1628 1634 1629 
1 5 5340 617 7577 1274 3743 
1 2 5340 8222 
1 2 5389 8210 
1 2 5389 2375 
1 4 5650 2617 2611 2613 
1 4 5650 5648 1511 7161 
1 2 6218 6217 
1 2 6217 6218 
1 2 6217 3093 
1 2 6327 3203 
1 4 6327 3203 3207 7684 
1 5 6989 6991 3444 3447 3093 
1 4 6989 6991 3444 3447 
1 2 7130 7531 
1 2 7128 7531 
1 4 7128 628 3744 3745 
1 4 7161 1511 5648 5650 
1 4 7161 7163 3850 3848 
1 6 7161 2471 2476 2473 1143 1141 
1 27 7390 7389 7386 7391 5704 5702 5700 2373 2375 2373 5700 5702 5704 7391 344 2022 2019 5085 889 2021 889 890 4033 4037 4034 1675 7859 
1 9 7390 7389 7386 7391 5704 5702 5700 2373 2375 
1 3 7388 7390 7859 
1 2 7531 7130 
1 2 7531 7128 
1 12 7531 7128 628 629 627 626 3204 3206 1475 1480 1487 1483 
1 2 7577 1274 
1 4 7577 1274 3743 3745 
1 4 7587 1980 1974 861 
1 6 7587 7585 7591 7583 2841 3016 
1 2 7587 1975 
1 6 7587 7585 7582 3014 3019 3613 
1 11 7592 6224 6225 6234 6228 6233 6222 6232 6226 7592 6224 
1 3 7592 1597 1595 
1 3 7684 3207 3203 
1 4 7684 3207 3203 6327 
1 2 7859 1675 
1 27 7859 1675 4034 4037 4033 890 889 2021 889 5085 2019 2022 344 7391 5704 5702 5700 2373 2375 2373 5700 5702 5704 7391 7386 7389 7390 
1 2 7859 8178 
1 3 7859 7390 7388 
1 3 8092 8098 8094 
1 4 8091 8106 8099 8105 
1 4 8105 8099 8106 8091 
1 3 8105 8096 8094 
1 3 8094 8098 8092 
1 3 8094 8096 8105 
1 2 8153 8208 
1 2 8153 8250 
1 2 8154 8208 
1 6 8176 8210 5389 8220 8177 8209 
1 2 8176 8186 
1 2 8176 8210 
1 2 8177 8220 
1 2 8177 8220 
1 2 8177 8209 
1 2 8177 8220 
1 2 8178 7859 
1 3 8207 8222 8207 
1 2 8207 8222 
1 2 8207 8222 
1 3 8207 8222 8207 
1 2 8208 8153 
1 2 8208 8154 
1 2 8208 8209 
1 2 8209 8177 
1 2 8209 8208 
1 6 8209 8177 8220 5389 8210 8176 
1 2 8209 8235 
1 2 8210 8176 
1 2 8210 5389 
1 2 8220 8177 
1 2 8220 8177 
1 2 8220 8177 
1 2 8222 8207 
1 2 8222 5340 
1 2 8222 8207 
1 2 8231 8240 
1 2 8231 8249 
1 2 8235 8209 
1 2 8240 8231 
1 2 8240 8250 
1 2 8249 8231 
1 2 8250 8240 
1 2 8250 8153 
1 5 22 7041 7039 7042 7040 
1 6 22 7041 7039 7086 1857 7042 
1 3 87 936 5875 
1 2 87 936 
1 8 87 88 87 936 5875 7046 7048 5128 
1 4 100 2180 2172 3763 
1 7 100 975 984 972 982 6472 6474 
1 15 131 129 131 6521 7502 7503 7502 4136 7342 903 7343 6523 5280 6522 3699 
1 5 161 6795 6790 1066 1065 
1 6 161 6795 6790 1066 1065 2407 
1 4 161 6788 518 4086 
1 6 244 2199 2228 2213 1520 1515 
1 4 244 2199 2230 2212 
1 6 244 2230 2217 2218 3554 1704 
1 17 512 509 517 5697 5689 5695 5691 637 633 639 5420 5425 2717 2722 632 634 5693 
1 8 512 516 515 5261 5263 5260 2916 2566 
1 5 554 3586 3590 4643 4644 
1 3 554 6067 6378 
1 9 555 7579 7578 1466 1473 1472 5661 5659 652 
1 3 555 556 2506 
1 7 565 561 564 5540 5538 563 2187 
1 3 574 6651 6652 
1 4 615 6337 6343 3619 
1 2 615 2830 
1 2 618 3208 
1 2 618 7087 
1 2 619 3209 
1 4 632 2722 2717 5425 
1 3 632 634 5693 
1 7 652 5659 5661 1472 1473 1467 7578 
1 9 652 5659 5661 1472 1473 1466 7578 7579 555 
1 3 775 778 2579 
1 6 871 3553 7578 1466 1467 7578 
1 2 898 7121 
1 2 898 4136 
1 2 936 5875 
1 2 936 87 
1 2 936 7046 
1 3 942 944 4738 
1 3 942 5877 3925 
1 4 973 979 6081 6707 
1 2 973 6082 
1 2 995 5281 
1 5 1065 1066 6790 6795 161 
1 2 1147 3885 
1 4 1164 1168 5641 5644 
1 4 1164 1161 1159 4971 
1 2 1438 5187 
1 2 1438 7931 
1 4 1438 5187 6929 4723 
1 3 1438 7932 4313 
1 9 1438 7931 7930 7929 4311 5417 5424 5417 6789 
1 4 1473 1472 5661 5662 
1 3 1473 1467 7578 
1 5 1515 1520 6844 6849 6845 
1 6 1515 1520 2213 2228 2199 244 
1 6 1704 246 2218 2217 2230 244 
1 4 1704 3554 3099 3105 
1 5 1704 3554 3099 3105 3554 
1 5 1727 7122 4135 7505 7040 
1 4 1739 1743 1738 2935 
1 7 1739 1745 1737 1740 1736 1735 2600 
1 9 1785 5640 1163 1161 1166 1165 1162 3769 3763 
1 6 1818 6269 5684 4871 5684 5685 
1 2 1818 4871 
1 3 1820 1819 7407 
1 5 1820 1819 7407 6167 7599 
1 2 1822 4732 
1 5 1822 1829 1821 1824 4709 
1 2 1859 7040 
1 3 2115 6377 5881 
1 3 2134 2132 8151 
1 14 2133 21 22 7041 7039 7042 7040 7043 7122 7119 2137 2135 7905 5248 
1 3 2136 2135 7905 
1 2 2135 7905 
1 4 2172 2173 2177 2272 
1 2 2172 3763 
1 7 2182 1785 5640 1163 5639 5637 5644 
1 6 2182 243 1705 247 2668 2667 
1 14 2182 243 1705 247 2668 2667 4725 4727 4726 2667 2668 247 2181 7449 
1 5 2187 563 5538 7704 7705 
1 7 2187 563 5538 5540 564 561 565 
1 6 2187 563 5538 7704 7711 6364 
1 4 2212 2230 2199 244 
1 4 2272 2177 2173 2172 
1 6 2407 1065 1066 6790 6795 161 
1 3 2506 556 555 
1 2 2506 5303 
1 8 2566 2918 2917 5263 5261 515 516 512 
1 2 2566 2918 
1 3 2577 3587 3498 
1 3 2579 778 775 
1 5 2579 771 770 4729 4732 
1 10 2600 3441 5891 5884 7567 5884 5891 5890 5886 3441 
1 7 2600 1735 1736 1740 1737 1745 1739 
1 3 2629 614 2830 
1 37 2630 3497 3498 2114 5882 5881 2114 2115 6377 5881 6377 6378 554 3588 554 3586 3592 3589 3591 3698 3699 4501 3699 6522 5280 899 7343 903 7342 4136 7502 7503 130 129 2577 3587 3498 
1 6 2667 2668 247 1705 243 2182 
1 2 2721 4412 
1 4 2721 2718 2717 5425 
1 2 2830 615 
1 3 2830 614 2629 
1 4 2935 1738 1743 1739 
1 2 2997 7035 
1 3 2997 7035 1312 
1 4 2997 5800 5799 5798 
1 6 3105 3102 3094 3103 1471 7578 
1 2 3105 3554 
1 4 3105 3099 3554 1704 
1 2 3208 6974 
1 2 3208 618 
1 2 3209 619 
1 2 3270 7407 
1 2 3269 4011 
1 2 3391 6139 
1 2 3391 6167 
1 3 3441 5886 5888 
1 10 3441 5886 5890 5891 5884 7567 5884 5891 3441 2600 
1 3 3498 3587 2577 
1 37 3498 3587 2577 129 130 7503 7502 4136 7342 903 7343 899 5280 6522 3699 4501 3699 3698 3591 3589 3592 3586 554 3588 554 6378 6377 5881 6377 2115 2114 5881 5882 2114 3498 3497 2630 
1 2 3554 3105 
1 5 3554 3105 3099 3554 1704 
1 3 3590 4643 4644 
1 5 3619 5002 4205 6338 6345 
1 5 3619 5002 5001 6906 6909 
1 4 3619 6343 6337 615 
1 2 3673 7254 
1 2 3699 6522 
1 15 3699 6522 5280 6523 7343 903 7342 4136 7502 7503 7502 6521 131 129 131 
1 2 3763 2172 
1 4 3763 2172 2180 100 
1 9 3763 3769 1162 1165 1166 1161 1163 5640 1785 
1 2 3885 1147 
1 5 3885 3886 3888 3883 3927 
1 3 3925 5877 942 
1 5 3927 3883 3888 3886 3885 
1 2 3927 1424 
1 4 3927 1424 1422 7469 
1 7 3927 3926 6285 6284 6283 6287 4404 
1 5 4011 3269 3270 1820 7219 
1 2 4011 7773 
1 2 4011 3269 
1 4 4086 518 6788 161 
1 8 4086 5536 161 5535 5537 5534 7710 5534 
1 2 4136 898 
1 3 4136 898 7121 
1 5 4136 898 7121 6286 6284 
1 4 4202 4196 4203 5001 
1 3 4313 7932 1438 
1 4 4313 7932 1438 7931 
1 3 4366 5779 6975 
1 7 4404 6287 6283 6284 6285 3926 3927 
1 5 4404 5138 5133 5132 7755 
1 6 4482 5668 7396 7341 4727 4957 
1 10 4502 4956 4957 4727 4726 2667 2668 247 2181 7449 
1 10 4644 6070 4644 2600 1735 6653 6651 574 6651 6652 
1 3 4644 4643 3590 
1 5 4644 4643 3590 3586 554 
1 5 4709 1824 1821 1829 1822 
1 4 4723 6929 5187 1438 
1 2 4727 7341 
1 5 4732 4729 770 771 2579 
1 2 4732 1822 
1 3 4738 944 942 
1 4 4738 944 942 5876 
1 5 4871 5684 5685 6236 6237 
1 3 4871 5684 5685 
1 2 4871 1818 
1 3 4871 4873 6929 
1 5 4871 4873 6929 4723 5388 
1 2 4957 7341 
1 6 4957 4727 7341 7396 5668 4482 
1 4 4971 1159 1161 1164 
1 5 4971 4969 5889 5885 5888 
1 4 5001 4203 4196 4202 
1 4 5001 4203 6912 6907 
1 3 5001 6906 6909 
1 7 5001 6906 6909 6906 6910 7220 7219 
1 3 5026 5027 5597 
1 6 5026 5033 5022 1474 1467 7578 
1 2 5128 5129 
1 8 5128 7048 7046 5875 936 87 88 87 
1 6 5129 7754 7756 7755 5132 7755 
1 5 5129 4247 4244 421 3064 
1 2 5129 5128 
1 2 5134 5192 
1 2 5187 1438 
1 2 5192 5134 
1 2 5248 7905 
1 14 5248 7905 2135 2137 7119 7122 7043 7040 7042 7039 7041 22 21 2133 
1 2 5248 8149 
1 2 5281 995 
1 2 5281 7873 
1 6 5281 995 7341 5280 6523 7343 
1 2 5303 2506 
1 5 5388 4723 6929 4873 4871 
1 4 5425 2717 2718 2721 
1 3 5425 2719 6787 
1 4 5425 2717 2722 632 
1 8 5534 7710 5534 5537 5535 161 5536 4086 
1 2 5534 7705 
1 4 5597 4601 5597 4601 
1 3 5597 5027 5026 
1 3 5604 6080 6082 
1 4 5604 6080 6472 6474 
1 4 5644 5641 1168 1164 
1 7 5644 5637 5639 1163 5640 1785 2182 
1 4 5662 5661 1472 1473 
1 14 5662 1013 1001 1016 1003 1018 1855 1852 1854 1419 5741 5742 5739 1035 
1 3 5668 7396 7341 
1 3 5693 634 632 
1 17 5693 634 632 2722 2717 5425 5420 639 633 637 5691 5695 5689 5697 517 509 512 
1 2 5779 6975 
1 4 5798 5799 5800 2997 
1 4 5798 981 985 6707 
1 2 5875 936 
1 3 5875 936 87 
1 2 5875 7046 
1 2 5875 7273 
1 4 5876 942 944 4738 
1 3 5881 6377 2115 
1 7 5881 6377 2115 2114 5881 5882 7238 
1 4 5888 6478 6476 6474 
1 5 5888 5885 5889 4969 4971 
1 3 5888 5886 3441 
1 6 5888 5885 5889 4969 1786 7568 
1 9 6070 4644 2600 1735 6653 6651 574 6651 6652 
1 2 6082 973 
1 3 6082 6080 5604 
1 2 6139 3391 
1 2 6167 3391 
1 5 6284 6286 7121 898 4136 
1 5 6345 6338 4205 5002 3619 
1 6 6364 7711 7704 5538 563 2187 
1 3 6378 6067 554 
1 4 6474 6472 6080 5604 
1 7 6474 6472 982 972 984 975 100 
1 4 6474 6476 6478 5888 
1 2 6522 3699 
1 3 6652 6651 574 
1 10 6652 6651 574 6651 6653 1735 2600 4644 6070 4644 
1 2 6652 7227 
1 9 6652 6651 574 6651 6653 1735 2600 4644 6070 
1 4 6707 985 981 5798 
1 4 6707 6081 979 973 
1 3 6787 2719 5425 
1 9 6789 5417 5424 5417 4311 4312 7930 7931 1438 
1 5 6845 6849 6844 1520 1515 
1 3 6909 6906 5001 
1 5 6909 6906 5001 5002 3619 
1 3 6907 25 28 
1 4 6907 6912 6906 5001 
1 3 6929 4885 3791 
1 3 6929 4873 4871 
1 2 6974 3208 
1 2 6975 5779 
1 3 6975 5779 4366 
1 3 7042 1857 7086 
1 6 7042 1857 7086 7039 7041 22 
1 2 7040 1859 
1 5 7040 7505 4135 7122 1727 
1 5 7040 7042 7039 7041 22 
1 2 7046 5875 
1 2 7046 936 
1 2 7046 7273 
1 4 7046 7273 7906 7905 
1 2 7087 618 
1 3 7086 1857 7042 
1 2 7121 898 
1 3 7121 898 4136 
1 7 7219 7220 6910 6906 6909 6906 5001 
1 5 7219 1820 3270 3269 4011 
1 2 7227 6652 
1 7 7238 5882 5881 2114 2115 6377 5881 
1 2 7254 3673 
1 2 7254 7931 
1 2 7273 5875 
1 2 7273 8150 
1 2 7273 7046 
1 2 7341 7396 
1 2 7341 4957 
1 3 7341 7396 5668 
1 2 7341 4727 
1 6 7343 6523 5280 7341 995 5281 
1 7 7343 903 7342 4136 7502 7503 7502 
1 2 7396 7341 
1 3 7407 1819 1820 
1 2 7407 3270 
1 14 7449 2181 247 2668 2667 4726 4727 4725 2667 2668 247 1705 243 2182 
1 10 7449 2181 247 2668 2667 4726 4727 4957 4956 4502 
1 7 7502 7503 7502 4136 7342 903 7343 
1 6 7568 1786 4969 5889 5885 5888 
1 6 7578 1471 1474 5022 5033 5026 
1 3 7578 1467 1473 
1 7 7578 1467 1473 1472 5661 5659 652 
1 6 7578 1471 3103 3094 3102 3105 
1 6 7578 1467 1466 7578 3553 871 
1 5 7599 6167 7407 1819 1820 
1 2 7599 7548 
1 2 7705 5534 
1 5 7705 7704 5538 563 2187 
1 5 7755 5132 5133 5138 4404 
1 6 7755 5132 7755 7756 7754 5129 
1 2 7873 5281 
1 4 7905 7906 7273 7046 
1 2 7905 5248 
1 2 7905 2135 
1 3 7905 2135 2136 
1 2 7931 7254 
1 2 7931 1438 
1 4 7931 1438 7932 4313 
1 2 8149 8150 
1 2 8149 8151 
1 2 8149 5248 
1 2 8149 8150 
1 2 8150 8151 
1 2 8150 8149 
1 2 8150 7273 
1 2 8150 8149 
1 2 8151 8150 
1 2 8151 8149 
1 3 8151 2132 2134 
1 6 132 5804 5803 5801 2664 2661 
1 4 375 6058 6061 4487 
1 2 375 6171 
1 6 375 2840 2838 2654 6420 1815 
1 4 780 783 5440 5439 
1 2 780 3836 
1 6 1815 6420 2654 2838 2840 375 
1 3 1815 6420 2654 
1 2 1815 6421 
1 4 1815 6420 7952 7951 
1 6 2170 4967 4968 4960 4963 4961 
1 3 2170 3154 3158 
1 3 2457 2462 3836 
1 3 2457 2454 6421 
1 4 2563 2564 7278 7280 
1 2 2563 7045 
1 2 2563 4487 
1 3 2654 2838 2840 
1 3 2654 6420 1815 
1 6 2661 2664 5801 5803 5804 132 
1 3 2661 2663 5802 
1 3 2661 2664 2902 
1 3 2661 2666 7493 
1 11 2661 2663 5763 2665 2661 2666 7493 7490 3714 3713 4712 
1 4 2786 2784 2788 5762 
1 2 2786 7670 
1 3 2840 375 6171 
1 3 2840 2838 2654 
1 3 3158 3154 2170 
1 3 3158 3157 5762 
1 8 3158 3154 4958 5472 5468 5473 5471 5474 
1 4 3508 4278 4275 4277 
1 4 3508 3504 3507 3684 
1 4 3684 3507 3504 3508 
1 7 3684 3507 3503 2458 2460 2454 6421 
1 6 3714 7490 7475 7480 7478 7473 
1 3 3714 7490 7493 
1 4 3714 7472 3713 4712 
1 2 3836 780 
1 3 3836 2462 2457 
1 8 4277 7534 7540 7533 7539 3681 3923 3916 
1 4 4277 4275 4278 3508 
1 2 4487 2563 
1 3 4487 6061 6063 
1 4 4487 6061 6058 375 
1 11 4712 3713 3714 7490 7493 2666 2661 2665 5763 2663 2661 
1 4 4712 3713 7472 3714 
1 4 4712 3713 3712 5183 
1 3 4747 5609 4748 
1 2 4747 5609 
1 5 4747 4746 6059 6060 6063 
1 4 4811 4367 7680 4229 
1 3 4811 4367 7680 
1 5 4811 4812 5992 5987 5989 
1 7 4887 7474 7471 7483 7480 7478 7473 
1 12 5118 5117 5127 5120 5119 4887 7474 7471 7483 7480 7478 7473 
1 5 5118 6617 4574 4578 4069 
1 5 5118 5117 5116 5122 7457 
1 3 5439 6053 6054 
1 4 5439 5440 783 780 
1 3 5762 3157 3158 
1 7 5762 2785 5472 5468 5473 5471 5474 
1 4 5762 2788 2784 2786 
1 4 5802 3155 3159 6932 
1 3 5802 2663 2661 
1 5 5989 5987 5992 4812 4811 
1 4 5989 709 707 4015 
1 7 5989 5987 5991 5988 6169 6168 6171 
1 14 6054 6484 6489 6488 7051 7054 7053 1196 1203 3312 3306 3308 3304 459 
1 13 6054 6484 6489 6488 7051 7054 7053 1196 1203 3312 3306 3308 3304 
1 16 6054 6484 6489 6488 4280 7055 4281 7052 1204 1201 1208 1199 1209 1202 1197 1203 
1 3 6054 6053 5439 
1 5 6063 6060 6059 4746 4747 
1 3 6063 6061 4487 
1 2 6171 375 
1 3 6171 375 2840 
1 7 6171 6168 6169 5988 5991 5987 5989 
1 3 6421 2455 2457 
1 7 6421 2454 2460 2458 3503 3507 3684 
1 2 6421 1815 
1 4 6932 3159 3155 5802 
1 3 7045 5332 4825 
1 2 7045 2563 
1 3 7280 5334 5333 
1 4 7280 7278 2564 2563 
1 5 7457 5122 5116 5117 5118 
1 3 7457 7458 5485 
1 6 7473 7478 7480 7475 7490 3714 
1 12 7473 7478 7480 7483 7471 7474 4887 5119 5120 5127 5117 5118 
1 7 7473 7478 7480 7483 7471 7474 4887 
1 3 7493 2666 2661 
1 3 7493 7490 3714 
1 2 7670 2786 
1 4 7951 7952 6420 1815 
1 6 108 110 2113 2110 2105 2112 
1 2 109 7308 
1 2 109 2884 
1 3 109 2884 2885 
1 4 2112 2105 2110 2113 
1 6 2112 2105 2110 2113 110 108 
1 4 2112 2105 2108 6527 
1 7 2112 2105 2111 2104 4540 6527 2371 
1 3 2113 6646 6647 
1 3 2113 2107 8194 
1 4 2113 2110 2105 2112 
1 6 2113 2110 2105 2111 2104 6527 
1 3 2885 2883 5197 
1 3 2885 2884 109 
1 2 2885 8243 
1 5 2884 2886 5195 5197 5874 
1 2 2884 7308 
1 2 2884 109 
1 3 8194 2107 2113 
1 2 8194 8243 
1 2 8243 8194 
1 2 8243 2885 
1 2 20 6323 
1 73 20 6323 6595 2697 2698 571 570 572 567 6419 6415 6412 6839 5950 5942 8076 8073 8075 8072 5948 727 8074 2384 3363 3375 3349 3362 264 266 6490 1433 1429 1427 1425 3574 3573 3568 3575 6044 4648 4652 4646 6015 6017 6013 6016 3026 3024 3030 3022 3020 3029 2241 2243 2240 2067 2077 2072 2244 1759 1757 1755 2345 260 258 259 3137 4220 4227 4222 2041 2048 3194 
1 4 79 5398 5396 7691 
1 4 79 83 80 6138 
1 4 120 7165 6836 6838 
1 8 120 116 122 115 6896 6417 6895 5258 
1 2 151 6214 
1 3 199 3867 4072 
1 2 260 2343 
1 3 263 266 6490 
1 6 263 266 6490 7463 7465 7464 
1 4 567 572 569 2492 
1 4 681 687 1343 1337 
1 2 727 5948 
1 7 880 5523 3234 6568 6571 5523 5527 
1 3 880 878 6566 
1 4 879 878 6566 6573 
1 6 1001 1016 1003 1018 1855 1852 
1 3 1021 5368 6517 
1 4 1021 5368 6517 5368 
1 2 1021 5322 
1 2 1228 1226 
1 2 1228 1300 
1 2 1226 8206 
1 2 1226 1228 
1 3 1305 1303 7314 
1 2 1300 1228 
1 3 1300 1225 7169 
1 7 1337 1345 1338 1341 1335 4445 4453 
1 4 1337 1343 687 681 
1 2 1420 4503 
1 2 1420 5740 
1 3 1427 1429 7464 
1 8 1427 1429 1433 6490 266 263 721 6443 
1 3 1503 1504 2496 
1 4 1669 2919 7442 7443 
1 6 1669 2919 7442 4588 4591 6838 
1 3 1669 2919 2921 
1 2 1669 2377 
1 3 1756 5267 7915 
1 2 1756 5267 
1 3 1756 5267 2942 
1 6 1852 1855 1018 1003 1016 1001 
1 4 1852 1419 1420 5740 
1 3 1882 2189 2190 
1 7 2041 2048 2044 2943 2941 2346 2343 
1 7 2041 4222 4227 4218 4598 4602 4601 
1 3 2070 5109 5113 
1 7 2070 5109 5463 5109 2070 5109 5463 
1 3 2190 2189 5322 
1 3 2190 2189 1882 
1 3 2190 3240 3239 
1 6 2240 5112 5108 5115 5114 4845 
1 5 2240 5112 5105 5109 5113 
1 4 2293 6569 6574 4806 
1 4 2343 2346 2344 2942 
1 7 2343 2346 2941 2943 2044 2048 2041 
1 2 2343 260 
1 2 2377 2921 
1 2 2377 1669 
1 5 2392 6725 6717 6721 4412 
1 2 2392 7888 
1 4 2492 569 572 567 
1 4 2492 2958 2493 5261 
1 5 2496 1502 1505 4519 4525 
1 3 2496 1504 1503 
1 4 2496 4527 2495 6263 
1 3 2529 2527 7878 
1 3 2529 7979 7983 
1 2 2592 7508 
1 5 2656 2294 2295 4804 4806 
1 2 2656 7888 
1 5 2676 2679 2675 2674 6897 
1 8 2698 568 570 566 2492 2958 2493 5261 
1 16 2698 568 570 572 567 6444 5949 5940 729 725 6441 6440 6439 6442 3872 3871 
1 5 2727 2726 2724 2777 4212 
1 5 2769 2771 2780 7528 7530 
1 2 2769 8242 
1 2 2779 8242 
1 5 2915 7692 7687 7690 7691 
1 3 2915 2913 7558 
1 5 2918 2917 2697 6595 6323 
1 2 2918 2566 
1 2 2921 2377 
1 3 2921 2377 1669 
1 3 2942 5267 1756 
1 4 2942 2344 2346 2343 
1 8 2951 5255 5257 7975 7978 2655 7888 7972 
1 5 2951 2963 2950 2954 5261 
1 3 3000 3239 4072 
1 7 3026 6016 6010 6015 4646 4651 4649 
1 3 3026 6016 6013 
1 2 3136 7878 
1 73 3194 2048 2041 4222 4227 4220 3137 259 258 260 2345 1755 1757 1759 2244 2072 2077 2067 2240 2243 2241 3029 3020 3022 3030 3024 3026 6016 6013 6017 6015 4646 4652 4648 6044 3575 3568 3573 3574 1425 1427 1429 1433 6490 266 264 3362 3349 3375 3363 2384 8074 727 5948 8072 8075 8073 8076 5942 5950 6839 6412 6415 6419 567 572 570 571 2698 2697 6595 6323 20 
1 3 3239 3240 2190 
1 2 3239 4072 
1 2 3292 5397 
1 3 3290 5397 7208 
1 5 3297 7885 7884 7887 7886 
1 2 3297 7945 
1 3 3354 3865 3866 
1 2 3443 5729 
1 2 3443 6214 
1 4 3575 3570 6262 6263 
1 6 3575 3568 3573 6043 7466 7464 
1 2 3575 6044 
1 2 3645 3648 
1 2 3648 4990 
1 2 3648 3645 
1 6 3864 1851 1421 5741 5742 5740 
1 10 3864 1851 5739 5742 5741 1419 1854 1850 1851 1035 
1 3 3866 3865 3354 
1 5 3866 4074 4076 4073 4525 
1 16 3871 3872 6442 6439 6440 6441 725 729 5940 5949 6444 567 572 570 568 2698 
1 6 3995 4210 4207 4214 4208 4212 
1 3 3995 7167 7169 
1 4 3995 3996 3994 7443 
1 3 4072 3867 199 
1 3 4072 3239 3000 
1 2 4072 3239 
1 5 4096 2391 2392 7888 7972 
1 5 4212 2777 2724 2726 2727 
1 6 4212 4208 4214 4207 4210 3995 
1 6 4225 4600 4597 4604 4596 4601 
1 2 4345 6214 
1 2 4345 7089 
1 5 4412 6721 6724 6718 6723 
1 4 4412 6686 6687 6692 
1 2 4412 2721 
1 5 4412 6721 6717 6725 2392 
1 7 4453 4445 1335 1341 1338 1345 1337 
1 6 4503 4513 7673 7676 1613 5247 
1 2 4503 1420 
1 5 4525 4073 4076 4074 3866 
1 5 4525 4519 1505 1502 2496 
1 3 4589 4591 6838 
1 6 4601 4596 4604 4597 4600 4225 
1 7 4601 4602 4598 4218 4227 4222 2041 
1 4 4601 5597 4601 5597 
1 3 4649 7233 7231 
1 7 4649 4651 4646 6015 6010 6016 3026 
1 4 4806 6574 6569 2293 
1 5 4806 4804 2295 2294 2656 
1 4 4845 4842 4844 7595 
1 6 4845 5114 5115 5108 5112 2240 
1 2 4990 3648 
1 5 4993 4987 4985 4989 6138 
1 5 5113 5109 5105 5112 2240 
1 2 5113 5463 
1 3 5113 5109 2070 
1 3 5184 7090 7089 
1 3 5184 7887 7886 
1 8 5258 6895 6417 6896 115 122 116 120 
1 3 5258 6413 6417 
1 5 5261 2954 2950 2963 2951 
1 4 5261 2493 2958 2492 
1 8 5261 2493 2958 2492 566 570 568 2698 
1 2 5267 1756 
1 2 5322 1021 
1 3 5322 3240 2190 
1 5 5368 6253 6255 6254 7558 
1 4 5368 6517 5368 1021 
1 2 5397 7208 
1 2 5397 3292 
1 2 5403 7231 
1 5 5607 78 82 5396 7691 
1 3 5607 5606 6255 
1 3 5729 6097 6096 
1 2 5729 3443 
1 3 5740 7675 7673 
1 2 5740 1420 
1 4 5740 1420 1419 1852 
1 4 5740 7674 7679 1526 
1 6 5740 5742 5741 1421 1851 3864 
1 3 5841 3020 7595 
1 3 5948 8072 8075 
1 2 5948 727 
1 3 6013 6016 3026 
1 2 6044 3575 
1 4 6044 3575 5185 7886 
1 4 6096 3509 3516 3513 
1 2 6096 939 
1 3 6096 6097 5729 
1 4 6138 80 83 79 
1 5 6138 4989 4985 4987 4993 
1 3 6138 6137 6255 
1 2 6214 3443 
1 2 6214 151 
1 2 6214 4345 
1 3 6255 6137 6138 
1 3 6255 5606 5607 
1 4 6255 6253 5368 6517 
1 4 6263 2495 4527 2496 
1 4 6263 6262 3570 3575 
1 2 6323 20 
1 2 6323 6595 
1 5 6323 6595 2697 2917 2918 
1 5 6417 6896 6897 6915 6914 
1 3 6417 6413 5258 
1 8 6443 721 263 266 6490 1433 1429 1427 
1 3 6490 266 263 
1 4 6517 5368 6253 6255 
1 3 6517 5368 1021 
1 3 6566 878 880 
1 2 6566 6573 
1 2 6566 7319 
1 4 6573 6566 878 879 
1 2 6573 6566 
1 2 6595 6323 
1 6 6723 6578 3234 3230 3236 3233 
1 10 6723 6578 3234 3230 3236 3232 2821 2820 3237 2820 
1 5 6723 6718 6689 6687 6692 
1 5 6723 6718 6724 6721 4412 
1 2 6753 8236 
1 2 6753 7768 
1 3 6838 4591 4589 
1 4 6838 6836 7165 120 
1 6 6838 4591 4588 7442 2919 1669 
1 5 6897 2677 2675 2679 2676 
1 3 6897 2677 6914 
1 3 6914 2677 6897 
1 5 6914 6915 6897 6896 6417 
1 2 7089 4345 
1 3 7089 7090 5184 
1 3 7169 1302 1300 
1 3 7169 7167 3995 
1 2 7208 5397 
1 3 7208 5397 3290 
1 4 7208 5397 7210 7206 
1 4 7206 7210 5397 7208 
1 2 7206 6931 
1 3 7231 7233 4649 
1 2 7231 7945 
1 2 7231 5403 
1 3 7314 1303 1305 
1 2 7314 7319 
1 2 7319 6566 
1 2 7319 7314 
1 4 7443 3994 3996 3995 
1 4 7443 7442 2919 1669 
1 3 7464 1429 1427 
1 6 7464 7465 7463 6490 266 263 
1 6 7464 7466 6043 3573 3568 3575 
1 2 7508 2592 
1 3 7526 8237 8200 
1 5 7530 7528 2780 2771 2769 
1 3 7558 2913 2915 
1 5 7558 6254 6255 6253 5368 
1 3 7595 3020 5841 
1 4 7595 4844 4842 4845 
1 4 7673 7676 1613 5247 
1 4 7673 7676 1613 1614 
1 3 7673 7675 5740 
1 2 7769 8152 
1 2 7768 6753 
1 2 7878 3136 
1 3 7878 2527 2529 
1 3 7886 7887 5184 
1 4 7886 5185 3575 6044 
1 5 7886 7887 7884 7885 3297 
1 2 7888 2656 
1 2 7888 2392 
1 2 7888 7972 
1 3 7915 5267 1756 
1 2 7945 3297 
1 2 7945 7231 
1 2 7972 7888 
1 5 7972 7888 2392 2391 4096 
1 8 7972 7888 2655 7978 7975 5257 5255 2951 
1 3 7983 7979 2529 
1 3 8075 8072 5948 
1 2 8152 8189 
1 2 8152 7769 
1 2 8188 8189 
1 2 8188 8226 
1 2 8189 8152 
1 2 8189 8188 
1 2 8200 8214 
1 3 8200 8237 7526 
1 2 8200 8237 
1 2 8206 1226 
1 2 8214 8200 
1 2 8226 8236 
1 2 8226 8188 
1 2 8226 8236 
1 2 8236 8226 
1 2 8236 8226 
1 2 8236 6753 
1 2 8237 8200 
1 2 8242 2769 
1 2 8242 2779 
1 4 168 164 167 163 
1 4 163 167 3222 3221 
1 4 163 167 164 168 
1 4 163 7941 7938 7942 
1 4 393 2265 2264 2261 
1 5 394 4760 2263 2264 2261 
1 2 394 4761 
1 4 394 392 4777 4773 
1 5 394 395 393 7276 7277 
1 5 475 7158 479 7159 2197 
1 3 604 608 6697 
1 4 604 609 607 3401 
1 4 969 7411 7417 7409 
1 2 969 4761 
1 3 1212 5486 2119 
1 4 1212 7360 7361 5305 
1 6 1706 1711 1708 1145 1143 1141 
1 3 1706 1710 6614 
1 4 2119 3986 3987 2360 
1 3 2119 5486 1212 
1 2 2123 3801 
1 5 2192 2194 2198 2193 2197 
1 2 2192 5874 
1 5 2197 7159 479 7158 475 
1 3 2197 7159 7156 
1 5 2197 2193 2198 2194 2192 
1 4 2261 2262 3693 3848 
1 5 2261 2264 2263 4760 394 
1 4 2261 2262 2260 393 
1 4 2360 3987 3986 2119 
1 4 2410 7510 5548 7509 
1 2 2410 5305 
1 3 2473 2470 917 
1 3 2473 1143 1141 
1 6 2473 2476 2469 2472 6467 6469 
1 2 2596 6614 
1 3 2596 2595 7156 
1 3 3201 7964 7967 
1 3 3201 7964 6469 
1 3 3201 4838 4837 
1 4 3221 3225 3226 5698 
1 4 3221 3222 167 163 
1 3 3223 7940 7942 
1 4 3401 607 609 604 
1 3 3401 3405 6697 
1 4 3401 3403 3402 5330 
1 6 3528 2408 6645 7307 7310 7509 
1 6 3528 2409 2408 6650 6648 6647 
1 7 3528 3529 3531 4537 4540 6527 2371 
1 2 3532 3535 
1 3 3532 7418 7408 
1 3 3535 3534 7937 
1 2 3535 3532 
1 5 3695 3694 7160 3852 3848 
1 2 3695 7967 
1 2 3801 2123 
1 2 3801 4542 
1 3 3801 3798 7019 
1 3 3990 3988 5488 
1 8 3990 3989 2360 2367 2368 2363 5272 7349 
1 4 4032 4031 4668 4671 
1 2 4032 7345 
1 2 4542 3801 
1 4 4542 4547 4544 7649 
1 3 4542 7023 7019 
1 7 4636 4637 3196 3199 3201 7966 7967 
1 2 4636 4637 
1 5 4637 3195 3196 5777 5775 
1 2 4637 4636 
1 8 4671 4670 4672 1509 4669 4673 4672 1509 
1 2 4671 5738 
1 4 4671 4668 4031 4032 
1 3 4761 4762 7345 
1 2 4761 969 
1 2 4761 394 
1 5 4772 4776 4774 969 7345 
1 5 4773 4776 4774 7411 7408 
1 4 4773 4777 392 394 
1 2 4840 7277 
1 2 4840 5776 
1 3 4837 4838 3201 
1 3 4837 5777 5775 
1 2 5197 5874 
1 4 5197 5196 7311 7308 
1 3 5197 2883 2885 
1 2 5198 5874 
1 3 5305 7361 7363 
1 4 5305 7361 7360 1212 
1 2 5305 2410 
1 4 5330 3402 3403 3401 
1 3 5330 5329 6177 
1 4 5384 5325 3988 5488 
1 4 5488 3988 5325 5384 
1 3 5488 3988 3990 
1 2 5550 7719 
1 10 5701 5698 3225 3221 167 164 166 6812 6819 7272 
1 2 5698 1392 
1 4 5698 3226 3225 3221 
1 2 5738 4671 
1 3 5775 5778 5776 
1 3 5775 5777 4837 
1 5 5775 5777 3196 3195 4637 
1 5 5776 4840 4841 7274 7275 
1 2 5776 4840 
1 3 5776 5778 5775 
1 2 5874 2192 
1 2 5874 5197 
1 5 5874 5197 5195 2886 2884 
1 2 5874 5198 
1 3 6177 5329 5330 
1 2 6177 7006 
1 4 6177 6178 6180 7719 
1 6 6469 6467 2472 2469 2476 2473 
1 3 6469 7964 3201 
1 4 6515 6513 7310 7509 
1 2 6610 6609 
1 2 6609 6610 
1 3 6614 1710 1706 
1 2 6614 2596 
1 5 6647 7307 7309 7311 7308 
1 6 6647 6648 6650 2408 2409 3528 
1 3 6647 6646 2113 
1 2 6807 8186 
1 7 6817 6818 6807 6813 6820 6809 8186 
1 2 6817 7272 
1 4 6817 6818 6807 8185 
1 2 7006 6177 
1 3 7156 2595 2596 
1 3 7156 7159 2197 
1 2 7272 6817 
1 10 7272 6819 6812 166 164 167 3221 3225 5698 5701 
1 5 7277 7276 393 395 394 
1 2 7277 4840 
1 5 7275 7274 4841 4840 5776 
1 4 7308 7311 5196 5197 
1 2 7308 2884 
1 2 7308 109 
1 5 7308 7311 7309 7307 6647 
1 2 7345 4032 
1 3 7345 4762 4761 
1 5 7345 969 4774 4776 4772 
1 8 7349 2364 2363 2368 2367 2360 3989 3990 
1 3 7363 7361 5305 
1 3 7408 7418 3532 
1 5 7408 7411 4774 4776 4773 
1 4 7409 7414 7939 7942 
1 4 7409 7417 7411 969 
1 4 7509 7310 6513 6515 
1 4 7509 5548 7510 2410 
1 6 7509 7310 7307 6645 2408 3528 
1 4 7719 6180 6178 6177 
1 2 7719 5550 
1 3 7937 3534 3535 
1 3 7942 7940 3223 
1 4 7942 7938 7941 163 
1 4 7942 7939 7414 7409 
1 2 7967 3695 
1 3 7967 7964 3201 
1 7 7967 7966 3201 3199 3196 5777 4636 
1 3 8174 8175 8185 
1 2 8174 8175 
1 2 8174 8185 
1 2 8175 8185 
1 2 8175 8174 
1 2 8185 8175 
1 2 8185 8186 
1 4 8185 6807 6818 6817 
1 2 8185 8174 
1 3 8185 8175 8174 
1 2 8186 8185 
1 2 8186 8176 
1 2 8186 6807 
1 7 8186 6809 6820 6813 6807 6818 6817 
1 2 8196 8198 
1 2 8196 8198 
1 2 8198 8196 
1 2 8198 8196 
1 6 6 3 5961 5963 5964 5962 
1 3 4 2 7857 
1 3 155 158 3617 
1 3 155 7990 7988 
1 2 500 7851 
1 3 498 505 6304 
1 5 498 503 7852 7854 7440 
1 4 551 550 5430 5433 
1 2 547 7215 
1 4 547 3161 3164 3162 
1 2 676 6525 
1 3 676 670 1840 
1 3 676 6994 6993 
1 3 743 744 3032 
1 6 743 740 2762 2763 2757 4368 
1 4 788 5145 5147 4994 
1 6 788 787 2503 2505 6462 3316 
1 6 788 5145 5147 4994 4748 5609 
1 4 1030 1032 1031 3166 
1 4 1029 3165 3162 3163 
1 3 1029 3165 3162 
1 4 1029 3169 3168 6153 
1 3 1029 3169 3166 
1 4 1095 1098 1097 2508 
1 4 1095 1097 1096 1097 
1 3 1095 1097 2507 
1 5 1097 5965 5967 5970 5851 
1 3 1097 5966 5972 
1 4 1097 1096 1097 1095 
1 4 1128 5622 6346 5743 
1 3 1128 5622 4678 
1 3 1128 4679 4780 
1 3 1328 1327 6381 
1 7 1328 1326 6324 6326 7249 7247 1463 
1 4 1328 1327 4997 4999 
1 2 1385 1388 
1 4 1385 7288 7290 7295 
1 2 1388 1385 
1 3 1456 1457 5146 
1 3 1456 5147 4994 
1 3 1463 7247 7248 
1 3 1463 5475 5324 
1 7 1463 7247 7249 6326 6324 1326 1328 
1 3 1836 1833 2434 
1 3 1840 670 676 
1 6 2009 2012 2010 2358 2348 3110 
1 5 2009 2013 2011 5771 5769 
1 3 2009 6677 6525 
1 2 2248 2448 
1 5 2248 2247 2246 3108 3110 
1 3 2348 2355 7358 
1 2 2348 3110 
1 3 2434 1833 1836 
1 3 2434 2436 3593 
1 3 2434 8058 8056 
1 4 2434 2436 3593 6020 
1 6 2434 2435 744 3032 3035 5333 
1 4 2448 2450 2452 7988 
1 6 2448 2450 4677 4678 4679 4780 
1 2 2448 2248 
1 3 2500 7375 7380 
1 4 2502 2505 6464 6463 
1 4 2502 2504 3314 3316 
1 3 2507 1097 1095 
1 4 2508 1097 1098 1095 
1 3 2750 2751 7030 
1 2 2759 2758 
1 5 2759 2758 2761 4065 4064 
1 3 2758 2760 2872 
1 2 2758 2759 
1 4 2758 2757 4370 4368 
1 4 2823 2824 2827 3410 
1 3 2827 3408 3410 
1 5 2827 3408 3407 8042 6967 
1 5 2874 2873 8059 3407 3410 
1 3 2872 2760 2758 
1 2 2877 6993 
1 3 3032 744 743 
1 3 3032 3035 5333 
1 5 3110 3108 2246 2247 2248 
1 2 3110 2348 
1 6 3110 2348 2358 2010 2012 2009 
1 6 3163 3160 3167 6155 6154 5958 
1 4 3163 3162 3165 1029 
1 4 3162 3164 3161 547 
1 3 3162 3164 7229 
1 3 3162 3165 1029 
1 2 3167 6155 
1 3 3166 3169 1029 
1 4 3166 1031 1032 1030 
1 2 3166 6354 
1 6 3316 6462 2505 2503 787 788 
1 4 3316 3314 2504 2502 
1 3 3410 3409 8042 
1 3 3410 3408 2827 
1 4 3410 2827 2824 2823 
1 5 3410 3407 8057 2873 2874 
1 3 3539 2880 7244 
1 4 3593 3594 7855 7857 
1 3 3593 2436 2434 
1 2 3617 5665 
1 3 3617 158 155 
1 5 3742 3741 3739 4050 4056 
1 4 3742 3740 5301 4748 
1 4 3750 7813 4060 4061 
1 5 3750 3752 6969 6971 6970 
1 2 3750 7812 
1 3 3788 3785 7988 
1 3 3893 7292 7295 
1 5 3894 3892 7292 7295 7291 
1 3 3894 3891 7358 
1 3 3902 3900 7248 
1 2 3941 5957 
1 3 3941 6354 8042 
1 4 4056 4052 4998 4999 
1 5 4056 4057 4055 7246 7244 
1 5 4056 4050 3739 3741 3742 
1 2 4061 5005 
1 4 4061 4060 7813 3750 
1 3 4121 4122 5432 
1 2 4121 5895 
1 3 4121 7216 7217 
1 2 4148 5872 
1 3 4147 5664 5665 
1 2 4286 6676 
1 4 4286 4290 4285 6993 
1 6 4368 2757 2763 2762 740 743 
1 4 4368 4370 2757 2758 
1 4 4368 4369 7680 4229 
1 3 4368 4369 7680 
1 5 4368 4369 7680 707 4015 
1 3 4678 5622 1128 
1 6 4678 5622 1128 1129 1127 6801 
1 2 4743 7440 
1 2 4743 7439 
1 2 4743 7440 
1 2 4748 5301 
1 4 4748 5301 3740 3742 
1 2 4748 5609 
1 3 4748 5609 4747 
1 3 4780 4679 1128 
1 6 4780 4679 4678 4677 2450 2448 
1 2 4825 5333 
1 3 4825 5332 7045 
1 3 4994 5147 1456 
1 4 4994 5147 5145 788 
1 2 4994 5301 
1 4 4999 4997 1327 1328 
1 4 4999 4998 4052 4056 
1 4 5005 5007 5006 6219 
1 3 5005 7377 7380 
1 2 5005 4061 
1 3 5146 1457 1456 
1 2 5301 4994 
1 2 5301 4748 
1 2 5324 5962 
1 3 5324 5475 1463 
1 6 5333 3035 3032 744 2435 2434 
1 3 5333 3035 3032 
1 2 5333 4825 
1 3 5333 5334 7280 
1 2 5415 5414 
1 2 5415 5963 
1 2 5414 5415 
1 3 5414 5964 5962 
1 2 5433 5432 
1 4 5433 5430 550 551 
1 2 5432 5433 
1 3 5432 4122 4121 
1 3 5436 6449 6451 
1 2 5476 5962 
1 6 5609 4748 4994 5147 5145 788 
1 2 5609 4748 
1 2 5609 4747 
1 2 5623 6346 
1 2 5623 5743 
1 3 5665 5871 5870 
1 3 5665 5664 4147 
1 2 5665 3617 
1 2 5743 5623 
1 4 5743 6346 5622 1128 
1 5 5769 5771 2011 2013 2009 
1 3 5852 5845 5851 
1 4 5852 5850 5972 5965 
1 3 5851 5845 5852 
1 5 5851 5970 5967 5965 1097 
1 2 5872 4148 
1 3 5870 5873 7713 
1 3 5870 5871 5665 
1 2 5896 5895 
1 2 5895 5896 
1 2 5895 4121 
1 5 5895 7216 7215 7229 7230 
1 6 5958 6154 6155 3167 3160 3163 
1 2 5957 3941 
1 2 5963 5415 
1 3 5962 5964 5414 
1 6 5962 5964 5963 5961 3 6 
1 2 5962 5476 
1 2 5962 5324 
1 4 5965 5969 5845 5852 
1 3 5972 5968 1097 
1 4 6001 6000 6449 6451 
1 4 6020 3593 2436 2434 
1 3 6020 5999 6451 
1 2 6155 3167 
1 2 6155 6153 
1 2 6153 6155 
1 4 6153 3168 3169 1029 
1 4 6219 5006 5007 5005 
1 2 6306 6304 
1 2 6304 6306 
1 3 6304 505 498 
1 3 6325 7853 7850 
1 2 6325 6381 
1 2 6346 7812 
1 2 6346 5623 
1 2 6354 3166 
1 2 6354 8042 
1 4 6354 8042 3407 8059 
1 2 6381 6325 
1 3 6381 1327 1328 
1 3 6451 6449 5436 
1 4 6451 6449 6000 6001 
1 3 6451 5999 6020 
1 3 6451 6448 6463 
1 3 6463 6448 6451 
1 4 6463 6464 2505 2502 
1 4 6486 4288 4280 7055 
1 5 6486 6489 6484 7536 7542 
1 3 6525 6677 2009 
1 2 6525 676 
1 2 6676 4286 
1 6 6801 1127 1129 1128 5622 4678 
1 5 6967 8042 3407 3408 2827 
1 4 6967 6966 8060 8056 
1 2 6970 3976 
1 2 6970 2583 
1 5 6970 6971 6969 3752 3750 
1 5 6970 2583 2581 6968 2871 
1 3 6993 6994 676 
1 4 6993 4285 4290 4286 
1 2 6993 2877 
1 9 6993 2877 2879 2876 6486 6489 6484 7536 7542 
1 2 7030 7713 
1 3 7030 2751 2750 
1 4 7055 4280 4288 6486 
1 3 7217 7216 4121 
1 2 7217 7215 
1 2 7215 7217 
1 2 7215 547 
1 5 7230 7229 7215 7216 5895 
1 3 7229 3164 3162 
1 3 7244 3538 3539 
1 5 7244 7246 4055 4057 4056 
1 3 7248 7438 3902 
1 3 7248 7247 1463 
1 3 7291 7286 7295 
1 5 7291 7295 7292 3892 3894 
1 4 7295 7287 7288 1385 
1 3 7295 7286 7291 
1 3 7295 7286 3893 
1 3 7358 3891 3894 
1 3 7358 2355 2348 
1 3 7380 7375 2500 
1 3 7380 7376 8020 
1 3 7380 7377 5005 
1 2 7420 7857 
1 2 7439 4743 
1 4 7440 7854 7852 7851 
1 2 7440 4743 
1 5 7440 7854 7852 503 498 
1 2 7440 4743 
1 3 7440 7854 7850 
1 9 7542 7536 6484 6489 6486 2876 2879 2877 6993 
1 5 7542 7536 6484 6489 6486 
1 3 7713 5873 5870 
1 2 7713 7030 
1 2 7812 3750 
1 2 7812 6346 
1 2 7851 500 
1 4 7851 7852 7854 7440 
1 3 7850 7854 7440 
1 3 7850 7853 6325 
1 3 7857 2 4 
1 2 7857 7420 
1 4 7857 7855 3594 3593 
1 3 7988 7990 155 
1 3 7988 3785 3788 
1 4 7988 2452 2450 2448 
1 2 8021 8020 
1 2 8020 8021 
1 3 8020 7376 7380 
1 3 8020 3975 3976 
1 2 8042 6354 
1 3 8042 6354 3941 
1 3 8042 3409 3410 
1 4 8059 3407 8042 6354 
1 4 8056 8060 6966 6967 
1 3 8056 8058 2434 
1 3 2083 6189 3703 
1 3 2078 2086 8011 
1 2 2671 8011 
1 2 3701 6188 
1 2 3701 8005 
1 6 3701 8000 7995 8006 7997 7999 
1 7 3703 6189 2079 2081 6579 6580 6581 
1 3 3703 6189 2083 
1 4 3703 3705 6191 6188 
1 4 6188 3704 3702 8234 
1 2 6188 3701 
1 3 6188 3701 8005 
1 4 6188 6191 3705 3703 
1 7 6188 3701 8005 3701 6188 3701 8005 
1 6 8015 8013 8014 8018 8014 8011 
1 6 8011 8014 8018 8014 8013 8015 
1 3 8011 2086 2078 
1 2 8011 2671 
1 3 8234 695 6580 
1 4 8234 3702 3704 6188 
1 4 47 53 52 7154 
1 2 52 7154 
1 4 52 55 46 5479 
1 2 197 4500 
1 2 240 3624 
1 3 240 3621 3623 
1 7 239 1676 1683 1679 1680 7151 7154 
1 3 239 1676 1683 
1 4 273 271 2649 2647 
1 4 273 278 270 1397 
1 4 401 1498 1501 3561 
1 3 401 1498 1500 
1 5 447 6358 6362 3730 3677 
1 2 447 6358 
1 4 447 6361 6355 668 
1 4 447 6361 669 5867 
1 2 483 482 
1 3 483 481 1264 
1 9 483 481 4098 1260 1265 1261 481 4100 4099 
1 2 482 483 
1 3 664 1965 1964 
1 4 664 1965 7028 5781 
1 5 664 663 660 2649 2647 
1 4 668 6355 6361 447 
1 2 814 6540 
1 5 991 989 994 2282 2281 
1 3 991 3084 3086 
1 7 1048 195 198 2897 2889 1266 1264 
1 7 1048 195 193 1451 4832 1048 1666 
1 3 1264 2899 2891 
1 3 1264 481 483 
1 7 1264 1266 2889 2897 198 195 1048 
1 4 1368 1370 4339 4341 
1 2 1368 5306 
1 8 1368 5306 5312 4339 1374 4897 6183 4896 
1 4 1368 1366 1617 1629 
1 3 1396 1395 5823 
1 4 1397 270 278 273 
1 2 1397 5823 
1 2 1452 2095 
1 6 1452 2095 2097 7488 7794 7789 
1 3 1500 1498 401 
1 2 1500 6351 
1 12 1536 2336 2328 2317 2320 2318 2334 4658 4665 4653 4666 4654 
1 10 1536 2336 2328 2317 2331 1538 1532 1537 6954 6950 
1 3 1533 1529 4531 
1 6 1629 1634 1628 1369 1368 5306 
1 4 1629 1617 1366 1368 
1 5 1629 1619 1636 4898 4896 
1 6 1629 1621 1618 1627 7792 7798 
1 5 1629 1619 1624 1615 5977 
1 7 1666 1048 4832 1451 193 195 1048 
1 2 1683 1679 
1 3 1683 1676 239 
1 2 1679 1683 
1 2 1813 7803 
1 3 1917 1914 1916 
1 4 1917 1915 1913 2185 
1 2 1916 3623 
1 3 1916 1914 1917 
1 3 1916 1913 2185 
1 5 1929 3258 3256 3259 3255 
1 2 1929 4954 
1 3 1964 2710 2712 
1 5 1964 2710 2712 2711 2602 
1 3 1964 1965 664 
1 2 2095 1452 
1 5 2095 1452 1453 1451 4832 
1 5 2151 5348 5361 5349 5357 
1 3 2185 1913 1916 
1 4 2185 1913 1915 1917 
1 5 2281 2283 2284 1813 7803 
1 5 2281 2282 994 989 991 
1 4 2324 2340 2318 2320 
1 7 2320 2318 2334 2325 2681 2686 2681 
1 4 2320 2318 2340 2324 
1 8 2320 2318 2334 4658 4665 4653 4666 4654 
1 4 2602 2711 1057 1056 
1 5 2602 2711 2712 2710 1964 
1 5 2647 2649 660 663 664 
1 7 2647 2649 665 662 661 1963 7063 
1 4 2647 2649 3082 3086 
1 4 2647 2649 271 273 
1 6 2683 2685 2684 2687 5017 5016 
1 5 2681 2691 2688 5014 5016 
1 7 2681 2686 2681 2325 2334 2318 2320 
1 4 2712 249 1052 1056 
1 2 2712 249 
1 3 2712 2710 1964 
1 3 2891 2899 1264 
1 6 2990 3949 3079 3087 4256 4254 
1 3 2990 3954 3950 
1 3 3086 3084 991 
1 4 3086 3082 2649 2647 
1 3 3255 7702 6429 
1 5 3255 3259 3256 3258 1929 
1 9 3547 3550 7797 7802 7794 7796 7798 7788 7486 
1 5 3550 7797 7794 7796 7798 
1 5 3561 1497 3561 7962 7963 
1 4 3561 1501 1498 401 
1 2 3624 240 
1 3 3623 3621 240 
1 2 3623 1916 
1 3 3677 5478 5479 
1 3 3677 3732 6328 
1 5 3677 3730 6362 6358 447 
1 3 3731 3732 6328 
1 5 3731 3730 6362 6359 6358 
1 2 3847 7422 
1 3 3950 3954 2990 
1 2 3950 6196 
1 6 4254 4256 3087 3079 3949 2990 
1 2 4500 197 
1 3 4531 1529 1533 
1 3 4531 6353 6351 
1 6 4531 1528 1535 6952 6949 6948 
1 8 4608 4530 6952 1535 1528 4531 6353 6351 
1 8 4654 4666 4653 4665 4658 2334 2318 2320 
1 12 4654 4666 4653 4665 4658 2334 2318 2320 2317 2328 2338 1536 
1 5 4832 1451 1453 1452 2095 
1 2 4954 1929 
1 3 4954 6956 6963 
1 6 5016 5017 2687 2684 2685 2683 
1 5 5016 5014 2688 2691 2681 
1 4 5298 5299 5297 6358 
1 2 5343 5357 
1 5 5357 5349 5361 5348 2151 
1 2 5357 5343 
1 3 5479 6543 6549 
1 4 5479 46 55 52 
1 3 5479 5478 3677 
1 2 5823 1397 
1 3 5823 1395 1396 
1 4 5867 669 6361 447 
1 2 6196 3950 
1 3 6328 3732 3677 
1 3 6328 3732 3731 
1 2 6351 1500 
1 3 6351 6353 4531 
1 8 6351 6353 4531 1528 1535 6952 4530 4608 
1 5 6358 6359 6362 3730 3731 
1 4 6358 5297 5299 5298 
1 2 6358 447 
1 2 6540 7424 
1 7 6540 6537 4713 4715 4714 6537 4713 
1 7 6540 6537 4713 4715 4714 6537 4713 
1 2 6540 814 
1 3 6549 6548 8028 
1 3 6549 6543 5479 
1 6 6948 6949 6952 1535 1528 4531 
1 10 6950 6954 1537 1532 1538 2331 2317 2328 2338 1536 
1 3 6963 6956 4954 
1 7 7063 1963 661 662 665 2652 2647 
1 2 7155 7154 
1 3 7155 8157 8158 
1 4 7154 52 53 47 
1 2 7154 7155 
1 2 7154 52 
1 7 7154 7151 1680 1679 1683 1676 239 
1 2 7424 6540 
1 10 7424 6540 6537 4713 4715 4714 6537 6540 6537 4713 
1 2 7422 3847 
1 3 7486 7788 7798 
1 9 7486 7788 7798 7796 7794 7802 7797 3550 3547 
1 6 7789 7794 7488 4832 2098 1452 
1 6 7798 7792 1627 1618 1621 1629 
1 3 7798 7788 7486 
1 5 7798 7796 7794 7797 3550 
1 13 7798 7787 7789 7796 7798 7790 541 544 7142 7146 2924 2927 2928 
1 2 7803 1813 
1 5 7803 1813 2284 2283 2281 
1 5 7963 7962 3561 1497 3561 
1 3 8028 6548 6549 
1 3 8158 8157 7155 
1 2 36 6453 
1 6 36 6453 2515 2514 2517 2516 
1 11 36 6453 2515 2514 3583 3579 3580 5081 5073 5075 5079 
1 4 249 250 256 3244 
1 3 249 1052 1056 
1 2 249 2712 
1 5 249 250 255 257 7029 
1 2 295 294 
1 2 294 295 
1 2 294 7999 
1 2 294 7461 
1 2 404 2153 
1 3 690 695 6580 
1 3 690 4490 4494 
1 4 802 4274 803 3582 
1 2 802 4274 
1 3 1056 1052 249 
1 4 1056 1052 249 2712 
1 4 1056 1057 2711 2602 
1 7 1056 1054 1062 8008 7994 1404 6423 
1 4 1104 1103 5411 5410 
1 8 1104 1103 5411 5410 5407 6581 5407 6581 
1 2 1125 1126 
1 2 1126 7461 
1 2 1126 1125 
1 2 1297 7029 
1 8 1404 8001 7998 8009 7999 294 7461 6423 
1 2 2152 2153 
1 2 2153 404 
1 2 2153 2152 
1 10 2517 2514 3583 3579 3580 5081 5073 5075 5083 5073 
1 6 2516 2517 2514 2515 6453 36 
1 6 3244 4791 4793 4790 4495 4494 
1 4 3244 4791 4797 4786 
1 4 3244 256 250 249 
1 5 3580 5081 5073 5083 5073 
1 4 3580 3581 3576 3582 
1 4 3582 3576 3581 3580 
1 4 3582 803 4274 802 
1 2 4274 802 
1 4 4274 4273 7701 7697 
1 3 4494 4490 690 
1 3 4494 4493 5898 
1 6 4494 4495 4790 4793 4791 3244 
1 4 4786 4797 4791 3244 
1 11 5079 5075 5073 5081 3580 3579 3583 2514 2515 6453 36 
1 10 5073 5083 5075 5073 5081 3580 3579 3583 2514 2517 
1 5 5073 5083 5073 5081 3580 
1 4 5410 5411 1103 1104 
1 3 5781 7028 7029 
1 4 5781 7028 1965 664 
1 3 5898 4493 4494 
1 7 6423 1404 7994 8008 1062 1054 1056 
1 8 6423 7461 294 7999 8009 7998 7991 1404 
1 6 6429 801 4271 4273 7701 7697 
1 3 6429 7702 3255 
1 2 6453 36 
1 8 6581 5407 6581 5407 5410 5411 1103 1104 
1 7 6581 6580 6579 2081 2079 6189 3703 
1 3 6580 695 690 
1 3 6580 695 8234 
1 5 7029 257 255 250 249 
1 2 7029 1297 
1 3 7029 7028 5781 
1 2 7461 1126 
1 2 7461 294 
1 4 7697 7701 4273 4274 
1 6 7697 7701 4273 4271 801 6429 
1 7 8005 3701 6188 3701 8005 3701 6188 
1 3 8005 3701 6188 
1 2 8005 3701 
1 5 8005 7995 8006 7997 7999 
1 6 7999 7997 8006 7995 8000 3701 
1 5 7999 7997 8006 7995 8005 
1 2 7999 294 
1 2 8192 8248 
1 2 8192 8191 
1 2 8191 8192 
1 2 8248 8192 
1 2 94 6031 
1 3 316 2000 1998 
1 8 316 2000 1998 2005 2002 1996 2001 3387 
1 6 416 415 412 3662 3659 3663 
1 2 413 3264 
1 3 413 3263 3261 
1 9 433 1960 1958 1957 7844 7847 7845 7846 7845 
1 7 433 428 1955 1962 3813 3809 3812 
1 5 433 429 6508 6507 7832 
1 2 459 3304 
1 14 459 3304 3308 3306 3312 1203 1196 7053 7054 7051 6488 6489 6484 6054 
1 4 492 490 4951 4947 
1 3 492 485 2948 
1 4 489 5821 5820 5819 
1 6 489 486 493 490 4951 4947 
1 4 489 486 487 2945 
1 5 824 3283 3277 3600 3604 
1 4 939 3509 3516 3513 
1 2 939 6096 
1 4 1047 2289 2286 2288 
1 2 1047 6212 
1 5 1084 1086 1083 4718 4721 
1 4 1203 3307 2257 2254 
1 16 1203 1197 1202 1209 1199 1208 1201 1204 7052 4281 7055 4280 6488 6489 6484 6054 
1 3 1240 1242 3264 
1 5 1250 7738 1247 7730 7732 
1 7 1359 1349 1355 6034 6030 6031 4831 
1 8 1588 1589 2464 2466 7831 7832 7830 2404 
1 3 1588 1586 3261 
1 4 1671 5462 2057 2053 
1 5 1957 7844 7384 7383 3058 
1 7 1998 2005 1997 937 940 4479 4481 
1 2 1998 3604 
1 3 1998 2000 316 
1 6 2053 2058 2052 5459 5467 5463 
1 4 2053 2057 5462 1671 
1 4 2053 2050 1674 2980 
1 3 2146 5996 5993 
1 4 2254 2257 3307 1203 
1 4 2254 2256 6211 7523 
1 4 2288 2286 2289 1047 
1 3 2404 7830 7832 
1 8 2404 7830 7832 7831 2466 2464 1589 1588 
1 5 2404 7830 431 426 5753 
1 6 2465 6507 3828 3832 3829 3833 
1 3 2465 6507 7832 
1 2 2583 6970 
1 4 2583 4373 2582 4372 
1 6 2836 2832 2834 3510 3516 3513 
1 8 2871 6968 2581 2583 3973 3974 3981 5552 
1 5 2871 6968 2581 2583 6970 
1 3 2948 485 492 
1 3 2948 2945 7049 
1 4 2945 487 486 489 
1 7 2945 487 485 493 490 4951 4947 
1 2 2945 7049 
1 4 2980 1674 2050 2053 
1 4 2980 2976 2977 3411 
1 9 3058 7383 4165 4160 4161 7893 7903 7895 7898 
1 4 3058 7383 4165 4159 
1 5 3058 7383 7384 7844 1957 
1 2 3058 7382 
1 3 3261 1586 1588 
1 3 3261 3263 413 
1 4 3261 3260 3659 6984 
1 2 3264 413 
1 3 3264 1242 1240 
1 5 3284 2150 2142 2141 5993 
1 2 3304 459 
1 13 3304 3308 3306 3312 1203 1196 7053 7054 7051 6488 6489 6484 6054 
1 8 3387 2001 1996 2002 2005 1998 2000 316 
1 4 3411 2977 2976 2980 
1 2 3411 7259 
1 6 3513 3516 3510 2834 2832 2836 
1 4 3513 3516 3509 6096 
1 4 3513 3516 3509 939 
1 5 3604 3600 3277 3283 824 
1 2 3604 1998 
1 6 3663 3659 3662 412 415 416 
1 2 3663 6984 
1 3 3663 3661 7328 
1 7 3812 3809 3813 1962 1955 428 433 
1 6 3833 1245 1243 1247 7738 7732 
1 6 3833 3829 3832 3828 3827 2465 
1 7 3916 3917 3920 3918 7523 7956 6212 
1 8 3916 3923 3681 7539 7533 7540 7534 4277 
1 3 3976 3975 8020 
1 6 3976 3975 3979 3980 3981 5552 
1 2 3976 6970 
1 4 4159 4165 7383 3058 
1 4 4372 5555 5553 5552 
1 4 4372 2582 4373 2583 
1 5 4372 4717 4721 4716 7924 
1 7 4481 4479 940 937 1997 2005 1998 
1 5 4721 4718 1083 1086 1084 
1 3 4721 4716 7924 
1 3 4831 4830 7924 
1 2 4831 6031 
1 7 4831 6031 6030 6029 1355 1349 1359 
1 6 5451 6641 5449 6637 6639 6742 
1 2 5451 6638 
1 2 5463 5113 
1 7 5463 5109 2070 5109 5463 5109 2070 
1 6 5463 5467 5459 2052 2058 2053 
1 3 5552 3657 7328 
1 6 5552 3981 3980 3979 3975 3976 
1 4 5552 5553 5555 4372 
1 8 5552 3981 3974 3973 2583 2581 6968 2871 
1 5 5753 426 431 7830 2404 
1 4 5819 7620 6493 6495 
1 5 5819 6493 6495 6493 7620 
1 4 5819 5820 5821 489 
1 3 5839 7261 7259 
1 7 5839 7258 3823 3092 5835 7258 3822 
1 5 5839 5835 3092 2159 2158 
1 4 5839 5835 3091 3089 
1 7 5839 5836 5837 5834 5246 5243 5247 
1 6 5839 5835 3092 3091 3089 6661 
1 5 5993 2141 2142 2150 3284 
1 3 5993 5996 2146 
1 2 6031 4831 
1 2 6031 94 
1 2 6212 1047 
1 2 6212 7956 
1 7 6212 7956 7523 3918 3920 3917 3916 
1 5 6511 6509 6508 6507 7832 
1 2 6591 6638 
1 2 6638 5451 
1 2 6638 6591 
1 6 6742 6639 6637 5449 6641 5451 
1 4 6984 3659 3260 3261 
1 2 6984 3663 
1 11 7049 2947 2946 494 491 7729 7741 489 487 2945 7049 
1 2 7049 2945 
1 3 7049 2945 2948 
1 11 7049 2945 487 489 7741 7729 491 494 2946 2947 7049 
1 2 7259 3411 
1 4 7259 7260 1903 1901 
1 3 7259 7261 5839 
1 8 7259 7258 3822 7262 7260 7259 7258 3822 
1 6 7259 7261 5839 5835 3091 3089 
1 3 7328 3661 3663 
1 3 7328 3657 5552 
1 2 7382 3058 
1 4 7523 6211 2256 2254 
1 2 7523 7956 
1 3 7523 1904 1901 
1 5 7732 7730 1247 7738 1250 
1 6 7732 7738 1247 1243 1245 3833 
1 5 7832 6507 6508 6509 6511 
1 5 7832 6507 6508 429 433 
1 3 7832 6507 2465 
1 3 7832 7830 2404 
1 9 7845 7846 7845 7847 7844 1957 1958 1960 433 
1 9 7898 7895 7903 7893 4161 4160 4165 7383 3058 
1 3 7924 4716 4721 
1 5 7924 4716 4721 4717 4372 
1 3 7924 4830 4831 
1 2 7956 6212 
1 2 7956 7523 
1 4 7956 7523 1904 1901 
1 2 35 359 
1 2 357 6002 
1 3 357 358 891 
1 2 357 1714 
1 8 359 6245 6248 6249 6248 6252 6250 6246 
1 2 359 35 
1 2 420 3064 
1 2 422 4242 
1 2 422 5746 
1 5 807 1522 1527 1524 3857 
1 3 891 358 357 
1 8 891 358 1224 891 34 33 1423 968 
1 3 891 358 1714 
1 3 891 358 1224 
1 3 959 1033 1848 
1 4 959 3188 955 6144 
1 8 968 1423 33 34 358 1224 358 891 
1 6 1035 7671 7674 7675 7673 5247 
1 14 1035 5739 5742 5741 1419 1854 1852 1855 1018 1003 1016 1001 1013 5662 
1 10 1035 1851 1850 1854 1419 5741 5742 5739 1851 3864 
1 3 1224 358 891 
1 2 1401 1402 
1 2 1402 1401 
1 2 1424 3927 
1 3 1424 1422 7469 
1 4 1526 7679 7674 5740 
1 4 1526 1525 1527 1875 
1 4 1614 1613 7676 7673 
1 3 1614 5243 5247 
1 2 1614 2521 
1 3 1717 356 1714 
1 3 1714 357 6002 
1 2 1714 357 
1 3 1714 358 891 
1 3 1714 356 1717 
1 2 1792 1793 
1 9 1792 1793 1401 5426 5746 422 421 420 3063 
1 2 1793 1792 
1 3 1848 1033 959 
1 2 1848 3188 
1 4 1875 1527 1525 1526 
1 3 1875 1527 3857 
1 2 2521 1614 
1 2 2756 8082 
1 9 3063 3064 421 422 5746 5426 1401 1793 1792 
1 5 3064 4247 4244 4247 5129 
1 2 3064 420 
1 6 3089 3091 5835 5839 7261 7259 
1 4 3089 3091 5835 5839 
1 2 3089 2158 
1 2 3089 6661 
1 2 3188 1848 
1 3 3857 5923 1875 
1 5 3857 1524 1527 1522 807 
1 2 4242 422 
1 2 4242 5746 
1 3 4429 8088 8219 
1 2 4429 8232 
1 7 5247 5243 5246 5834 5837 5836 5839 
1 4 5247 1613 7676 7673 
1 6 5247 1613 7676 7673 4513 4503 
1 3 5247 5243 1614 
1 6 5247 7673 7675 7674 7671 1035 
1 2 5426 5744 
1 3 5744 5745 5746 
1 2 5744 5426 
1 2 5746 4242 
1 2 5746 422 
1 3 5746 5745 5744 
1 2 6087 7257 
1 2 6089 6088 
1 2 6088 6089 
1 4 6144 3187 3188 959 
1 5 6144 955 6252 6250 6246 
1 5 6246 6250 6252 955 6144 
1 8 6246 6250 6252 6248 6249 6248 6245 359 
1 6 6661 3089 3091 3092 5835 5839 
1 3 6661 3089 2158 
1 2 6661 3089 
1 2 7257 6087 
1 4 7469 1422 1424 3927 
1 3 7469 1422 1424 
1 2 8082 8244 
1 2 8082 2756 
1 2 8089 8087 
1 2 8087 8089 
1 2 8218 8219 
1 2 8219 8218 
1 3 8219 8088 4429 
1 2 8232 4429 
1 2 8244 8082 
1 2 19 4607 
1 3 19 5824 6289 
1 4 184 187 188 1037 
1 2 184 1746 
1 2 184 885 
1 5 213 3462 3463 1113 3465 
1 5 213 211 216 1119 1110 
1 4 213 3462 219 790 
1 2 302 4216 
1 4 302 3174 3175 3173 
1 2 303 7032 
1 2 303 7393 
1 2 310 4860 
1 3 310 311 1947 
1 3 322 2746 3992 
1 3 322 2744 2740 
1 2 350 4921 
1 8 411 6275 6271 7114 2818 2819 6685 6692 
1 2 411 6275 
1 4 418 5559 7572 7576 
1 3 418 419 8079 
1 6 468 7018 7022 7024 7020 7019 
1 5 468 7018 7026 3664 4921 
1 5 468 7025 7017 7027 3389 
1 3 468 3664 4884 
1 2 468 6730 
1 6 622 1540 1544 1546 1543 7653 
1 5 622 1550 1539 1548 4173 
1 2 648 641 
1 2 641 648 
1 2 641 7425 
1 3 658 657 1580 
1 3 700 2064 6727 
1 2 700 7712 
1 3 700 7712 2911 
1 2 713 2040 
1 8 757 4301 4298 4296 4295 4303 4703 2622 
1 4 790 219 3462 213 
1 3 794 6864 7368 
1 4 794 6864 6869 6859 
1 4 794 7369 7372 2707 
1 7 845 210 5712 5719 5726 5713 5723 
1 2 885 184 
1 5 885 180 189 7835 4983 
1 6 954 1411 1406 4937 4929 4935 
1 3 999 998 2622 
1 4 999 4696 4706 3337 
1 4 1037 188 187 184 
1 3 1073 1072 3121 
1 5 1110 1119 216 211 213 
1 2 1110 2538 
1 3 1232 1230 4179 
1 3 1292 620 4191 
1 3 1380 6526 5525 
1 3 1380 5524 3233 
1 3 1409 4119 4120 
1 2 1436 8147 
1 2 1436 8147 
1 2 1541 7427 
1 4 1565 1567 1796 1799 
1 4 1565 1570 1566 7436 
1 5 1567 6681 4143 4142 5939 
1 4 1567 6681 4143 4142 
1 3 1580 6206 6210 
1 3 1580 657 658 
1 3 1580 1575 3725 
1 4 1649 6624 7627 7631 
1 7 1649 1646 1647 1648 6204 6203 2314 
1 2 1661 7833 
1 4 1661 1664 1660 6459 
1 2 1732 2669 
1 21 1732 2669 2805 2806 848 3545 3542 3543 5721 5725 5716 5710 5724 5717 1766 1761 1765 1760 5316 1731 7580 
1 7 1746 1750 1294 1293 1291 1295 4173 
1 4 1746 1754 887 4292 
1 2 1746 184 
1 5 1763 5710 5727 1764 5316 
1 4 1795 1800 1797 1799 
1 6 1795 1796 1567 6681 4143 4142 
1 3 1799 7082 6682 
1 3 1799 7078 7623 
1 4 1799 1797 1800 1795 
1 4 1799 1796 1567 1565 
1 3 1804 3841 3842 
1 4 1804 1805 1802 7234 
1 4 1871 2510 2511 2512 
1 2 1871 3461 
1 4 1911 3635 3631 7080 
1 2 1911 3942 
1 2 1911 7624 
1 4 1911 3636 3945 3632 
1 2 1911 3942 
1 2 1924 6918 
1 3 1947 311 310 
1 3 1947 3120 3121 
1 5 1947 311 307 1952 5561 
1 5 2040 6890 6888 6891 7366 
1 2 2040 713 
1 6 2065 5826 5833 5828 4698 4702 
1 4 2065 2062 2061 7712 
1 3 2116 6459 2753 
1 3 2116 7446 7447 
1 3 2116 7394 3944 
1 2 2234 4230 
1 4 2307 2305 2621 6749 
1 2 2307 5825 
1 7 2314 6203 6204 1648 1647 1646 1649 
1 3 2314 1575 3725 
1 7 2371 4548 4540 4537 3531 3529 3528 
1 7 2371 4548 4540 2104 2111 2105 2112 
1 2 2371 6527 
1 5 2371 6527 2371 7650 7649 
1 4 2512 2511 2510 1871 
1 3 2538 2544 2740 
1 2 2538 1110 
1 2 2598 7171 
1 3 2598 7171 7554 
1 4 2598 2599 2597 2753 
1 8 2622 4703 4303 4295 4296 4298 4301 757 
1 3 2622 998 999 
1 3 2669 2805 2811 
1 5 2669 2805 2810 3544 3541 
1 2 2669 1732 
1 6 2669 1732 2805 2807 2804 7617 
1 4 2707 7372 7369 794 
1 8 2707 7372 797 800 791 7190 7202 7204 
1 3 2740 2744 322 
1 3 2740 2544 2538 
1 4 2753 2597 2599 2598 
1 5 2753 2597 2599 7555 7553 
1 3 2753 6459 2116 
1 3 2811 2805 2669 
1 4 2820 1377 3231 3233 
1 3 2820 2822 7116 
1 10 2820 3237 2820 2821 3232 3236 3230 3234 6578 6723 
1 5 2820 3237 2820 2821 6692 
1 3 2888 18 5483 
1 3 2911 3458 3461 
1 2 2911 7712 
1 3 2911 7712 700 
1 2 2983 6672 
1 3 2983 2984 5100 
1 2 3054 7204 
1 3 3054 7179 7181 
1 3 3121 1072 1073 
1 3 3121 3120 1947 
1 6 3173 3175 3174 302 4216 4217 
1 4 3173 3175 3174 302 
1 3 3174 7031 7034 
1 3 3174 302 4216 
1 3 3233 5524 1380 
1 3 3233 5524 5527 
1 4 3233 3231 1377 2820 
1 6 3233 3236 3230 3234 6578 6723 
1 4 3337 4706 4696 999 
1 4 3337 4707 2060 6727 
1 5 3389 7027 7017 7025 468 
1 2 3461 1871 
1 3 3461 3458 2911 
1 5 3465 1113 3463 3462 213 
1 5 3541 3544 2810 2805 2669 
1 4 3632 3945 3636 1911 
1 2 3664 4921 
1 3 3725 659 1580 
1 3 3725 1575 2314 
1 3 3791 4885 6929 
1 3 3791 3792 5021 
1 5 3796 467 6731 6732 6654 
1 5 3796 3794 1805 1802 7234 
1 5 3842 3390 1383 2369 6528 
1 3 3842 3841 1804 
1 2 3942 1911 
1 2 3942 1911 
1 3 3944 7394 2116 
1 2 3944 7393 
1 2 3944 4217 
1 5 3970 3968 2304 2307 5825 
1 3 3992 2746 322 
1 3 3992 2743 4132 
1 3 4027 8063 8069 
1 3 4027 4024 7658 
1 2 4109 7631 
1 3 4120 4119 1409 
1 3 4120 6860 6859 
1 6 4124 6375 5101 5100 2983 6672 
1 3 4132 2743 3992 
1 2 4142 5939 
1 4 4142 4143 6681 1567 
1 6 4142 4143 6681 1567 1796 1795 
1 5 4173 1548 1539 1550 622 
1 7 4173 1295 1291 1293 1294 1750 1746 
1 3 4179 1230 1232 
1 2 4179 7551 
1 2 4179 6918 
1 5 4192 4181 1038 1036 7171 
1 3 4191 620 1292 
1 4 4216 4217 304 4217 
1 3 4216 302 3174 
1 2 4216 302 
1 2 4217 3944 
1 4 4217 304 4217 4216 
1 6 4217 4216 302 3174 3175 3173 
1 2 4230 2234 
1 2 4230 5939 
1 4 4292 887 1754 1746 
1 5 4302 4307 4299 4174 4702 
1 5 4395 4398 2620 2625 6749 
1 2 4607 5825 
1 2 4607 19 
1 6 4694 4693 5893 6675 6674 6672 
1 5 4702 4174 4299 4307 4302 
1 6 4702 4698 5828 5833 5826 2065 
1 2 4860 310 
1 8 4860 789 311 3120 1949 1948 7037 7035 
1 6 4869 4866 4868 3054 7179 7181 
1 3 4869 4866 6672 
1 3 4884 3664 468 
1 2 4885 7234 
1 2 4921 350 
1 2 4921 3664 
1 5 4921 3664 7026 3664 468 
1 3 4935 5051 5048 
1 4 4935 4938 1572 7436 
1 6 4935 4929 4937 1406 1411 954 
1 6 4935 4931 4934 7437 7430 7429 
1 5 4983 7835 189 180 885 
1 8 4983 7835 189 886 881 888 882 5829 
1 3 4983 4981 7833 
1 3 5021 3792 3791 
1 2 5048 5483 
1 3 5048 5051 4935 
1 3 5100 2984 2983 
1 4 5279 5277 2909 7080 
1 5 5316 1764 5727 5710 1763 
1 3 5428 410 6162 
1 3 5428 6236 5685 
1 3 5483 18 6289 
1 3 5483 18 2888 
1 2 5483 5048 
1 7 5527 5523 6571 6568 3234 5523 880 
1 3 5527 5524 3233 
1 3 5525 6526 1380 
1 3 5558 5557 8079 
1 5 5561 6905 307 311 1947 
1 2 5561 6905 
1 3 5589 5556 8079 
1 6 5685 6236 5428 410 6162 7569 
1 3 5685 6236 6237 
1 3 5685 6236 5428 
1 3 5685 5684 4871 
1 6 5685 5684 4871 5684 6269 1818 
1 7 5723 5713 5726 5719 5712 210 845 
1 2 5723 7658 
1 5 5825 2307 2304 3968 3970 
1 2 5825 2307 
1 2 5825 4607 
1 8 5829 882 888 881 886 189 7835 4983 
1 4 5892 4688 4695 4848 
1 2 5892 6374 
1 2 5939 4230 
1 2 5939 4142 
1 5 5939 4142 4143 6681 1567 
1 2 6036 6654 
1 2 6162 7569 
1 3 6162 410 5428 
1 3 6210 6206 1580 
1 2 6237 6275 
1 3 6237 6274 5685 
1 5 6237 6274 5685 5684 4871 
1 3 6238 1803 6432 
1 2 6238 7234 
1 2 6238 7569 
1 2 6275 411 
1 2 6275 6237 
1 3 6289 18 19 
1 3 6289 18 5483 
1 2 6374 5892 
1 3 6432 1803 6238 
1 2 6460 7032 
1 4 6459 1660 1664 1661 
1 2 6459 7447 
1 5 6528 2369 1383 3390 3842 
1 6 6527 2104 2111 2105 2110 2113 
1 4 6527 2108 2105 2112 
1 2 6527 2371 
1 5 6654 6732 6731 467 3796 
1 2 6654 6036 
1 6 6672 6674 6675 5893 4693 4694 
1 3 6672 4866 4869 
1 2 6672 2983 
1 6 6672 2983 5100 5101 6375 4124 
1 3 6682 7082 1799 
1 5 6692 2821 2820 3237 2820 
1 5 6692 6687 6689 6718 6723 
1 8 6692 6685 2819 2818 7114 6271 6275 411 
1 4 6692 6687 6686 4412 
1 4 6727 2060 4707 3337 
1 3 6727 2064 700 
1 2 6730 468 
1 3 6730 4884 7406 
1 5 6749 2625 2620 4398 4395 
1 4 6749 2621 2305 2307 
1 3 6859 6860 4120 
1 4 6859 6869 6864 794 
1 5 6893 1583 1573 1581 7366 
1 2 6905 5561 
1 2 6918 4179 
1 2 6918 1924 
1 3 7019 3798 3801 
1 3 7019 7023 4542 
1 3 7019 7020 7649 
1 6 7019 7020 7024 7022 7018 468 
1 3 7034 7031 3174 
1 2 7032 6460 
1 2 7032 303 
1 8 7035 7037 1948 1949 3120 311 789 4860 
1 2 7035 2997 
1 2 7035 1312 
1 4 7080 2909 5277 5279 
1 4 7080 3631 3635 1911 
1 3 7116 2822 2820 
1 5 7171 1036 1038 4181 4192 
1 2 7171 2598 
1 3 7181 7179 3054 
1 6 7181 7179 3054 4868 4866 4869 
1 8 7204 7202 7190 791 800 797 7372 2707 
1 2 7204 3054 
1 5 7234 1802 1805 3794 3796 
1 4 7234 1802 1805 1804 
1 2 7234 6238 
1 2 7234 4885 
1 5 7366 1581 1573 1583 6893 
1 5 7366 6891 6888 6890 2040 
1 3 7368 6864 794 
1 2 7393 303 
1 2 7393 3944 
1 3 7406 4884 6730 
1 2 7427 1541 
1 2 7425 641 
1 6 7429 7430 7437 4934 4931 4935 
1 4 7436 1572 4938 4935 
1 4 7436 1566 1570 1565 
1 2 7447 6459 
1 3 7447 7446 2116 
1 3 7551 419 8079 
1 2 7551 4179 
1 5 7553 7555 2599 2597 2753 
1 3 7554 7171 2598 
1 2 7569 6238 
1 2 7569 6162 
1 6 7569 6162 410 5428 6236 5685 
1 3 7576 6406 6405 
1 4 7576 7572 5559 418 
1 21 7580 1731 5316 1760 1765 1761 1766 5717 5724 5710 5716 5725 5721 3543 3542 3545 848 2806 2805 2669 1732 
1 9 7580 1731 5316 1760 7610 7612 7611 7608 7614 
1 9 7614 7608 7611 7612 7610 1760 5316 1731 7580 
1 6 7617 2804 2807 2805 1732 2669 
1 4 7617 6902 7617 7445 
1 2 7623 7624 
1 3 7623 7078 1799 
1 2 7624 1911 
1 2 7624 7623 
1 2 7631 4109 
1 4 7631 7627 6624 1649 
1 4 7649 4544 4547 4542 
1 5 7649 7650 2371 6527 2371 
1 3 7649 7020 7019 
1 6 7653 1543 1546 1544 1540 622 
1 3 7658 4024 4027 
1 2 7658 5723 
1 4 7712 2061 2062 2065 
1 2 7712 700 
1 2 7712 2911 
1 3 7833 4981 4983 
1 2 7833 1661 
1 3 8069 8063 4027 
1 3 8079 5557 5558 
1 3 8079 5556 5589 
1 3 8079 419 418 
1 3 8079 419 7551 
1 3 57 63 2813 
1 4 57 62 4891 4892 
1 4 60 837 827 829 
1 3 60 5175 5182 
1 4 148 149 6045 6048 
1 3 149 3818 6050 
1 4 149 3818 3820 3817 
1 4 169 171 6872 7066 
1 3 178 4324 4323 
1 3 178 4324 6295 
1 6 178 179 2300 2303 3667 3665 
1 4 207 205 208 3250 
1 5 206 4346 4737 4736 3939 
1 4 206 4346 4737 4736 
1 4 206 4739 4742 4740 
1 3 281 283 4862 
1 3 281 283 4862 
1 2 282 4862 
1 3 282 279 2397 
1 4 290 291 6602 6598 
1 4 352 7242 2964 2967 
1 4 352 354 4926 4924 
1 3 369 373 7874 
1 6 369 373 7874 7400 7398 7403 
1 2 369 4426 
1 6 369 4426 4425 4424 1808 1809 
1 7 369 373 7874 7404 7397 7098 6622 
1 3 706 710 4015 
1 5 706 4012 4016 4013 3877 
1 4 706 4012 1254 1253 
1 6 739 734 5174 5177 7451 7454 
1 5 739 734 733 7919 7918 
1 5 834 828 836 3735 3736 
1 5 829 826 2815 4265 4267 
1 4 829 827 837 60 
1 5 875 873 4890 4893 4892 
1 4 874 7347 2635 2636 
1 2 874 7347 
1 4 874 7347 7348 1910 
1 2 904 6873 
1 2 904 5605 
1 2 904 5605 
1 3 904 3274 7066 
1 3 931 929 6349 
1 3 931 933 5545 
1 2 1100 6992 
1 3 1100 1993 1991 
1 4 1107 4318 4321 4320 
1 3 1107 1105 2390 
1 3 1156 1151 1157 
1 3 1156 1153 7891 
1 3 1157 1151 1156 
1 4 1179 1176 1994 1991 
1 4 1179 1174 1177 6039 
1 3 1182 1183 1184 
1 3 1184 1183 1182 
1 3 1184 1180 6026 
1 7 1184 1180 1186 4877 6028 6025 5796 
1 2 1189 6833 
1 4 1189 1187 7910 7911 
1 2 1238 7703 
1 3 1237 4833 4835 
1 3 1237 8078 8077 
1 4 1253 1254 4012 706 
1 4 1253 3877 3882 3825 
1 6 1446 207 4739 4740 7890 7891 
1 3 1440 4066 4064 
1 3 1440 4066 4064 
1 7 1440 1450 6425 6424 7927 4229 7680 
1 3 1564 1560 2604 
1 5 1564 1558 1561 1553 6296 
1 3 1652 3627 3629 
1 4 1652 3627 7829 7826 
1 2 1722 4409 
1 3 1722 1720 7918 
1 2 1728 4941 
1 2 1788 7364 
1 3 1788 7364 7928 
1 2 1788 6995 
1 6 1809 1808 4424 4425 4426 369 
1 6 1809 2445 2444 2441 2446 2440 
1 4 1809 1807 5813 5814 
1 2 1876 7616 
1 2 1876 7616 
1 2 1877 5844 
1 3 1886 1887 4924 
1 3 1886 6996 3211 
1 4 1910 7348 7347 874 
1 2 1907 2967 
1 5 1939 1935 7495 7499 6598 
1 4 1939 1937 7498 7496 
1 5 1939 1933 1940 7817 7819 
1 7 1939 1933 1940 7817 7819 7817 4683 
1 2 1943 1944 
1 3 1943 4923 4925 
1 2 1944 1943 
1 3 1991 1993 1100 
1 2 1991 7826 
1 4 1991 1994 1176 1179 
1 3 2033 2026 3736 
1 3 2028 2035 6294 
1 4 2091 2089 7283 7284 
1 3 2091 3333 3334 
1 3 2091 2087 6500 
1 5 2093 5605 904 6873 6277 
1 2 2125 7822 
1 6 2125 7822 7823 3450 3448 5010 
1 3 2125 2124 4236 
1 3 2129 6900 7911 
1 3 2301 2298 5679 
1 2 2302 3665 
1 3 2302 3665 2553 
1 3 2390 1105 1107 
1 4 2390 6498 6501 6500 
1 3 2393 2398 6680 
1 3 2397 279 282 
1 4 2397 2400 280 3486 
1 3 2397 286 3171 
1 5 2397 2398 6680 6679 5592 
1 6 2440 2446 2441 2444 2445 1809 
1 5 2440 2904 2903 2906 2902 
1 3 2553 3665 2302 
1 2 2553 6857 
1 4 2590 2591 7325 6026 
1 3 2604 1560 1564 
1 4 2636 2642 4888 4893 
1 4 2636 2635 7347 874 
1 5 2636 2639 1907 7348 7346 
1 4 2802 3628 5394 5393 
1 3 2802 3630 3629 
1 4 2817 2814 4267 4266 
1 3 2813 63 57 
1 3 2852 2851 4323 
1 5 2902 2906 2903 2904 2440 
1 3 2902 2664 2661 
1 4 2967 2966 5633 5632 
1 2 2967 1907 
1 4 2967 2964 7242 352 
1 2 2985 3804 
1 4 2985 3806 2125 4236 
1 3 2998 2999 6257 
1 4 2998 2999 5859 6257 
1 2 2998 6716 
1 2 3075 8203 
1 4 3075 2027 2037 8201 
1 2 3077 5302 
1 3 3171 286 2397 
1 3 3171 2398 6680 
1 3 3211 3805 3804 
1 3 3211 3805 6995 
1 3 3211 6996 1886 
1 5 3211 3212 3803 2124 4236 
1 4 3211 3212 7723 7726 
1 6 3250 208 3251 4735 4737 4736 
1 4 3250 208 205 207 
1 6 3250 3252 6297 6303 6300 6296 
1 4 3275 3273 3272 5605 
1 2 3275 3273 
1 2 3273 3275 
1 3 3334 3333 2091 
1 4 3436 3437 3440 5545 
1 2 3436 6279 
1 3 3450 3449 4048 
1 3 3450 7823 7822 
1 3 3491 4878 4875 
1 2 3491 4876 
1 4 3486 280 2400 2397 
1 3 3629 3630 2802 
1 3 3629 3627 1652 
1 6 3665 3667 2303 2300 179 178 
1 2 3665 2302 
1 5 3736 3735 836 828 834 
1 5 3736 3735 839 3734 5393 
1 3 3736 2026 2033 
1 4 3754 3753 3760 4409 
1 2 3804 2985 
1 3 3804 3805 3211 
1 4 3816 3818 6045 6048 
1 4 3817 3820 3818 149 
1 6 3817 3816 148 5578 5581 5579 
1 4 3825 3882 3877 1253 
1 3 3825 3826 4077 
1 5 3877 4013 4016 4012 706 
1 6 3877 3882 3825 3826 3824 8080 
1 2 3899 7241 
1 3 3899 3897 7212 
1 2 3931 6336 
1 2 3939 3937 
1 2 3939 4736 
1 5 3939 4736 4737 4346 206 
1 2 3937 7615 
1 2 3937 4315 
1 2 3937 3939 
1 5 4015 707 7680 4369 4368 
1 3 4015 710 706 
1 4 4015 707 709 5989 
1 3 4048 2087 6500 
1 3 4048 3449 3450 
1 5 4064 4065 2761 2758 2759 
1 3 4064 4066 1440 
1 3 4064 4066 1440 
1 3 4064 6427 6424 
1 3 4077 3826 3825 
1 2 4077 4228 
1 2 4139 6039 
1 2 4139 7284 
1 2 4228 4077 
1 5 4228 4077 3826 3824 8080 
1 4 4229 7680 4369 4368 
1 4 4229 7927 4014 7927 
1 4 4229 7680 4367 4811 
1 2 4229 7680 
1 4 4236 2125 3806 2985 
1 5 4236 2124 3803 3212 3211 
1 3 4236 2124 2125 
1 3 4266 4268 4267 
1 4 4266 4267 2814 2817 
1 3 4267 4268 4266 
1 5 4267 4265 2815 826 829 
1 2 4315 3937 
1 3 4320 7919 7918 
1 4 4320 4321 4318 1107 
1 2 4323 6294 
1 3 4323 2851 2852 
1 3 4323 4324 178 
1 3 4347 4346 4736 
1 3 4403 4399 6899 
1 4 4409 3760 3753 3754 
1 2 4409 1722 
1 2 4426 369 
1 8 4426 4428 5813 5814 5813 5815 5565 5563 
1 7 4683 7817 7819 7817 1940 1933 1939 
1 6 4683 7817 7819 7817 7818 6877 
1 3 4683 7817 7819 
1 4 4683 4686 7654 7655 
1 2 4736 3939 
1 4 4736 4737 4346 206 
1 3 4736 4346 4347 
1 6 4736 4737 4735 3251 208 3250 
1 2 4740 4741 
1 3 4740 4742 7889 
1 4 4740 4742 4739 206 
1 2 4741 7891 
1 2 4741 4740 
1 4 4835 4834 6347 6350 
1 3 4835 4833 1237 
1 5 4836 4833 4400 8078 8077 
1 3 4862 283 281 
1 2 4862 282 
1 3 4862 283 281 
1 3 4875 4878 3491 
1 2 4876 3491 
1 4 4876 4874 5797 5796 
1 2 4893 4892 
1 4 4893 4888 2642 2636 
1 4 4892 4891 62 57 
1 4 4892 4894 5179 5182 
1 2 4892 4893 
1 5 4892 4893 4890 873 875 
1 3 4925 4923 1943 
1 2 4925 4924 
1 4 4924 4926 354 352 
1 2 4924 4925 
1 3 4924 1887 1886 
1 2 4941 1728 
1 8 4941 4943 6299 6302 6296 5671 5674 6560 
1 6 5010 3448 3450 7823 7822 2125 
1 4 5043 169 171 6872 
1 3 5182 5175 60 
1 4 5182 5179 4894 4892 
1 3 5249 929 6349 
1 2 5284 8077 
1 2 5284 5878 
1 3 5284 5878 7616 
1 2 5302 3077 
1 5 5393 3734 839 3735 3736 
1 4 5393 5394 3628 2802 
1 3 5545 933 931 
1 4 5545 3440 3437 3436 
1 8 5563 5565 5815 5813 5814 5813 4428 4426 
1 5 5563 5565 5815 5813 5814 
1 4 5578 149 6045 6048 
1 5 5579 5582 6941 6946 6942 
1 4 5579 5582 6941 6946 
1 6 5579 5581 5578 148 3816 3817 
1 4 5579 7270 7266 3394 
1 4 5585 5584 7908 7911 
1 3 5585 7497 7496 
1 5 5592 6679 6680 2398 2397 
1 2 5592 8245 
1 3 5592 6679 6680 
1 4 5605 3272 3273 7807 
1 2 5605 904 
1 2 5605 904 
1 4 5605 3272 3273 3275 
1 3 5632 6822 6824 
1 4 5632 5633 2966 2967 
1 2 5670 7933 
1 4 5670 6559 6555 6560 
1 2 5681 5679 
1 3 5681 5678 5906 
1 3 5679 2298 2301 
1 2 5679 5681 
1 7 5796 6025 6028 6026 1186 1180 1184 
1 4 5796 5797 4874 4876 
1 4 5814 5813 1807 1809 
1 5 5814 5813 5815 5565 5563 
1 2 5844 1877 
1 3 5854 7320 7324 
1 3 5854 5860 6259 
1 3 5854 5853 6716 
1 2 5878 7703 
1 2 5878 5284 
1 3 5906 5678 5681 
1 3 5906 6348 6350 
1 2 5905 6349 
1 2 5911 5912 
1 2 5912 5911 
1 3 6026 1180 1184 
1 4 6026 7325 2591 2590 
1 4 6026 7325 7322 7324 
1 4 6039 1177 1174 1179 
1 2 6039 4139 
1 3 6048 6045 6050 
1 4 6048 6045 3818 3816 
1 4 6048 6045 3818 148 
1 4 6048 6045 149 5578 
1 3 6050 6045 6048 
1 3 6050 3818 149 
1 4 6257 5859 2999 2998 
1 3 6257 2999 2998 
1 3 6259 5860 5854 
1 5 6277 6873 904 5605 2093 
1 2 6277 6873 
1 5 6277 6873 904 7066 6872 
1 4 6277 6276 7010 7016 
1 2 6279 3436 
1 2 6279 6833 
1 3 6295 4324 178 
1 3 6294 2035 2028 
1 2 6294 4323 
1 6 6296 6300 6303 6297 3252 3250 
1 5 6296 1553 1561 1558 1564 
1 2 6336 3931 
1 3 6350 6348 5906 
1 4 6350 6347 4834 4835 
1 2 6349 5905 
1 3 6349 929 5249 
1 3 6349 929 931 
1 3 6424 6427 4064 
1 2 6424 7927 
1 2 6452 6992 
1 4 6500 6501 6498 2390 
1 3 6500 2087 2091 
1 3 6500 2087 4048 
1 8 6560 5674 5677 6296 6302 6299 4943 4941 
1 4 6560 6555 6559 5670 
1 4 6598 6602 291 290 
1 5 6598 7499 7495 1935 1939 
1 5 6622 7104 7093 7100 7101 
1 7 6622 7098 7397 7404 7874 373 369 
1 6 6622 7104 4573 4583 4573 4575 
1 4 6622 4581 4580 4069 
1 3 6680 2398 2393 
1 3 6680 6679 5592 
1 3 6680 2398 3171 
1 3 6716 5853 5854 
1 2 6716 2998 
1 3 6824 6822 5632 
1 2 6833 6279 
1 2 6833 6899 
1 2 6833 1189 
1 2 6857 2553 
1 2 6873 6277 
1 2 6873 904 
1 5 6872 7066 904 6873 6277 
1 4 6872 171 169 5043 
1 6 6877 7818 7817 7819 7817 4683 
1 3 6899 4399 4403 
1 2 6899 6833 
1 3 6922 6919 7933 
1 2 6946 6942 
1 4 6946 6941 5582 5579 
1 4 6946 6943 7266 3394 
1 3 6942 7809 7810 
1 2 6942 6946 
1 5 6942 6946 6941 5582 5579 
1 5 6942 6944 6947 6940 3394 
1 2 6992 6452 
1 2 6992 1100 
1 2 6995 1788 
1 3 6995 3805 3211 
1 4 7016 7010 6276 6277 
1 3 7066 3274 904 
1 4 7066 6872 171 169 
1 4 7066 3274 7811 7810 
1 5 7101 7100 7093 7104 6622 
1 3 7212 3897 3899 
1 2 7212 7364 
1 2 7241 3899 
1 2 7284 4139 
1 4 7284 7283 2089 2091 
1 4 7324 7322 7325 6026 
1 3 7324 7320 5854 
1 5 7346 7348 7347 2635 2636 
1 2 7347 874 
1 2 7364 7212 
1 2 7364 1788 
1 6 7403 7398 7400 7874 373 369 
1 6 7454 5181 5177 5174 734 739 
1 3 7496 7497 5585 
1 4 7496 7498 1937 1939 
1 2 7615 3937 
1 2 7616 1876 
1 3 7616 5878 5284 
1 2 7616 1876 
1 4 7655 7654 4686 4683 
1 7 7680 4229 7927 6424 6425 1450 1440 
1 3 7680 4369 4368 
1 2 7680 4229 
1 3 7680 4367 4811 
1 2 7703 5878 
1 2 7703 1238 
1 4 7726 7723 3212 3211 
1 4 7807 3273 3272 5605 
1 4 7810 7811 3274 7066 
1 3 7810 7809 6942 
1 5 7819 7817 1940 1933 1939 
1 3 7819 7817 4683 
1 3 7822 7823 3450 
1 2 7822 2125 
1 4 7826 7829 3627 1652 
1 2 7826 1991 
1 3 7874 373 369 
1 3 7891 1153 1156 
1 2 7891 4741 
1 6 7891 7890 4740 4739 207 1446 
1 3 7889 4742 4740 
1 3 7911 6900 2129 
1 4 7911 7910 1187 1189 
1 4 7911 7908 5584 5585 
1 5 7918 7919 733 734 739 
1 3 7918 1720 1722 
1 3 7918 7919 4320 
1 2 7927 6424 
1 4 7927 4014 7927 4229 
1 3 7928 7364 1788 
1 3 7933 6919 6922 
1 2 7933 5670 
1 5 8077 8078 4400 4833 4836 
1 3 8077 8078 1237 
1 2 8077 5284 
1 6 8080 3824 3826 3825 3882 3877 
1 5 8080 3824 3826 4077 4228 
1 4 8201 2037 2027 3075 
1 3 8201 8202 8204 
1 3 8204 8202 8201 
1 2 8203 3075 
1 2 8245 5592 
