strategic_region={
	id=1
	name="STRATEGICREGION_1"
	provinces={
		36 45 46 47 48 49 50 51 52 53 54 55 140 141 142 143 144 145 146 147 150 193 194 195 196 197 198 238 239 240 248 249 250 251 252 253 254 255 256 257 269 270 271 272 273 274 275 276 277 278 294 295 296 297 344 345 401 402 403 404 444 445 446 447 448 449 450 451 452 453 481 482 483 484 538 539 540 541 542 543 544 545 546 616 617 626 627 628 629 660 661 662 663 664 665 666 667 668 669 690 691 692 693 694 695 696 697 698 701 702 703 704 801 802 803 814 850 851 852 853 854 855 856 857 858 859 860 861 862 889 890 988 989 990 991 992 993 994 1048 1052 1053 1054 1055 1056 1057 1058 1059 1060 1061 1062 1063 1064 1101 1102 1103 1104 1125 1126 1259 1260 1261 1262 1263 1264 1265 1266 1267 1273 1274 1296 1297 1298 1366 1367 1368 1369 1370 1371 1372 1373 1374 1395 1396 1397 1398 1399 1400 1403 1404 1451 1452 1453 1475 1476 1477 1478 1479 1480 1481 1482 1483 1484 1485 1486 1487 1496 1497 1498 1499 1500 1501 1528 1529 1530 1531 1532 1533 1534 1535 1536 1537 1538 1590 1591 1592 1593 1594 1595 1596 1597 1598 1615 1616 1617 1618 1619 1620 1621 1622 1623 1624 1625 1626 1627 1628 1629 1630 1631 1632 1633 1634 1635 1636 1654 1655 1656 1657 1658 1659 1665 1666 1675 1676 1677 1678 1679 1680 1681 1682 1683 1712 1813 1860 1861 1862 1863 1864 1865 1866 1867 1889 1890 1891 1892 1893 1894 1895 1896 1897 1898 1899 1900 1912 1913 1914 1915 1916 1917 1918 1919 1928 1929 1930 1931 1963 1964 1965 1966 1967 1968 1969 1970 1971 1972 1973 1974 1975 1976 1977 1978 1979 1980 1981 1982 1983 2019 2020 2021 2022 2078 2079 2080 2081 2082 2083 2084 2085 2086 2094 2095 2096 2097 2098 2099 2151 2152 2153 2184 2185 2186 2281 2282 2283 2284 2317 2318 2319 2320 2321 2322 2323 2324 2325 2326 2327 2328 2329 2330 2331 2332 2333 2334 2335 2336 2337 2338 2339 2340 2514 2515 2516 2517 2518 2601 2602 2603 2631 2632 2633 2634 2646 2647 2648 2649 2650 2651 2652 2653 2670 2671 2672 2673 2681 2682 2683 2684 2685 2686 2687 2688 2689 2690 2691 2710 2711 2712 2841 2842 2843 2844 2845 2846 2847 2848 2849 2850 2889 2890 2891 2892 2893 2894 2895 2896 2897 2898 2899 2900 2990 2991 2992 2993 2994 2995 2996 3003 3004 3005 3006 3007 3008 3009 3010 3011 3012 3013 3014 3015 3016 3017 3018 3019 3079 3080 3081 3082 3083 3084 3085 3086 3087 3088 3093 3138 3139 3203 3204 3205 3206 3207 3242 3243 3244 3245 3253 3254 3255 3256 3257 3258 3259 3444 3445 3446 3447 3547 3548 3549 3550 3551 3552 3556 3557 3558 3559 3560 3561 3562 3563 3564 3576 3577 3578 3579 3580 3581 3582 3583 3609 3610 3611 3612 3613 3620 3621 3622 3623 3624 3625 3626 3675 3676 3677 3678 3701 3702 3703 3704 3705 3706 3730 3731 3732 3733 3743 3744 3745 3777 3778 3779 3780 3781 3782 3783 3847 3903 3904 3905 3906 3907 3908 3909 3947 3948 3949 3950 3951 3952 3953 3954 3955 3956 3957 3958 3959 3960 3961 3962 3963 4033 4034 4035 4036 4037 4038 4039 4097 4098 4099 4100 4252 4253 4254 4255 4256 4271 4272 4273 4274 4339 4340 4341 4342 4348 4349 4350 4351 4352 4353 4354 4355 4356 4357 4358 4359 4360 4361 4362 4363 4364 4374 4375 4376 4377 4378 4379 4380 4488 4489 4490 4491 4492 4493 4494 4495 4496 4497 4498 4499 4500 4530 4531 4608 4653 4654 4655 4656 4657 4658 4659 4660 4661 4662 4663 4664 4665 4666 4667 4713 4714 4715 4784 4785 4786 4787 4788 4789 4790 4791 4792 4793 4794 4795 4796 4797 4798 4799 4800 4801 4832 4857 4895 4896 4897 4898 4899 4905 4906 4907 4908 4909 4910 4911 4912 4913 4953 4954 5013 5014 5015 5016 5017 5018 5019 5073 5074 5075 5076 5077 5078 5079 5080 5081 5082 5083 5084 5085 5086 5087 5088 5089 5090 5091 5092 5093 5094 5095 5096 5097 5098 5237 5238 5239 5240 5241 5242 5293 5294 5295 5296 5297 5298 5299 5300 5306 5307 5308 5309 5310 5311 5312 5313 5314 5315 5340 5341 5342 5343 5344 5345 5346 5347 5348 5349 5350 5351 5352 5353 5354 5355 5356 5357 5358 5359 5360 5361 5362 5363 5364 5365 5366 5407 5408 5409 5410 5411 5412 5413 5477 5478 5479 5480 5730 5731 5780 5781 5822 5823 5861 5862 5863 5864 5865 5866 5867 5868 5869 5897 5898 5899 5900 5901 5902 5903 5904 5973 5974 5975 5976 5977 5978 5979 5980 5981 5982 5983 6183 6184 6185 6186 6187 6188 6189 6190 6191 6192 6193 6194 6195 6196 6197 6198 6199 6200 6201 6217 6218 6221 6222 6223 6224 6225 6226 6227 6228 6229 6230 6231 6232 6233 6234 6235 6327 6328 6329 6330 6331 6351 6352 6353 6355 6356 6357 6358 6359 6360 6361 6362 6363 6366 6367 6368 6369 6422 6423 6428 6429 6430 6453 6454 6455 6456 6457 6537 6538 6539 6540 6541 6542 6543 6544 6545 6546 6547 6548 6549 6550 6579 6580 6581 6948 6949 6950 6951 6952 6953 6954 6955 6956 6957 6958 6959 6960 6961 6962 6963 6964 6965 6988 6989 6990 6991 7028 7029 7062 7063 7128 7129 7130 7151 7152 7153 7154 7155 7350 7351 7352 7353 7354 7386 7387 7388 7389 7390 7391 7421 7422 7423 7424 7461 7486 7487 7488 7511 7512 7513 7514 7515 7516 7517 7518 7519 7520 7521 7522 7531 7577 7581 7582 7583 7584 7585 7586 7587 7588 7589 7590 7591 7592 7593 7681 7682 7683 7684 7685 7686 7694 7695 7696 7697 7698 7699 7700 7701 7702 7786 7787 7788 7789 7790 7791 7792 7793 7794 7795 7796 7797 7798 7799 7800 7801 7802 7803 7858 7859 7960 7961 7962 7963 7991 7992 7993 7994 7995 7996 7997 7998 7999 8000 8001 8002 8003 8004 8005 8006 8007 8008 8009 8010 8011 8012 8013 8014 8015 8016 8017 8018 8028 8029 8030 8155 8156 8157 8158 8178 8187 8207 8222 8223 8234 8251 10595 10596 10597 10598 10615 10616 10617 10627 10631 10634
	}
	
	weather={
		period={
			between={ 0.0 30.0 }
			temperature={ -3.00 0.000 }
			no_phenomenon=0.890260
			rain_light=0.074473
			rain_heavy=0.023542
			snow=0.011724
			blizzard=0.000000
			arctic_water=0.000
			mud=0.012156
			sandstorm=0.000000
			min_snow_level=0.000
		}
		period={
			between={ 0.1 27.1 }
			temperature={ -12.0 -8.00 }
			no_phenomenon=0.850047
			rain_light=0.086496
			rain_heavy=0.011519
			snow=0.035770
			blizzard=0.016167
			arctic_water=0.000
			mud=0.010953
			sandstorm=0.000000
			min_snow_level=0.000
		}
		period={
			between={ 0.2 30.2 }
			temperature={ -18.0 -14.0 }
			no_phenomenon=0.829106
			rain_light=0.095249
			rain_heavy=0.002767
			snow=0.039206
			blizzard=0.033673
			arctic_water=0.000
			mud=0.010078
			sandstorm=0.000000
			min_snow_level=0.000
		}
		period={
			between={ 0.3 29.3 }
			temperature={ -20.0 -16.0 }
			no_phenomenon=0.823582
			rain_light=0.098010
			rain_heavy=0.000005
			snow=0.039206
			blizzard=0.039196
			arctic_water=0.000
			mud=0.009802
			sandstorm=0.000000
			min_snow_level=0.000
		}
		period={
			between={ 0.4 30.4 }
			temperature={ -20.0 -16.0 }
			no_phenomenon=0.823573
			rain_light=0.098015
			rain_heavy=0.000000
			snow=0.039206
			blizzard=0.039206
			arctic_water=0.000
			mud=0.009802
			sandstorm=0.000000
			min_snow_level=0.000
		}
		period={
			between={ 0.5 29.5 }
			temperature={ -20.0 -16.0 }
			no_phenomenon=0.823573
			rain_light=0.098015
			rain_heavy=0.000000
			snow=0.039206
			blizzard=0.039206
			arctic_water=0.000
			mud=0.009802
			sandstorm=0.000000
			min_snow_level=0.000
		}
		period={
			between={ 0.6 30.6 }
			temperature={ -20.0 -16.0 }
			no_phenomenon=0.823573
			rain_light=0.098015
			rain_heavy=0.000000
			snow=0.039206
			blizzard=0.039206
			arctic_water=0.000
			mud=0.009802
			sandstorm=0.000000
			min_snow_level=0.000
		}
		period={
			between={ 0.7 30.7 }
			temperature={ -20.0 -16.0 }
			no_phenomenon=0.823573
			rain_light=0.098015
			rain_heavy=0.000000
			snow=0.039206
			blizzard=0.039206
			arctic_water=0.000
			mud=0.009802
			sandstorm=0.000000
			min_snow_level=0.000
		}
		period={
			between={ 0.8 29.8 }
			temperature={ -20.0 -16.0 }
			no_phenomenon=0.823573
			rain_light=0.098015
			rain_heavy=0.000000
			snow=0.039206
			blizzard=0.039206
			arctic_water=0.000
			mud=0.009802
			sandstorm=0.000000
			min_snow_level=0.000
		}
		period={
			between={ 0.9 30.9 }
			temperature={ -20.0 -16.0 }
			no_phenomenon=0.823582
			rain_light=0.098010
			rain_heavy=0.000005
			snow=0.039206
			blizzard=0.039196
			arctic_water=0.000
			mud=0.009802
			sandstorm=0.000000
			min_snow_level=0.000
		}
		period={
			between={ 0.10 29.10 }
			temperature={ -18.0 -14.0 }
			no_phenomenon=0.829106
			rain_light=0.095249
			rain_heavy=0.002767
			snow=0.039206
			blizzard=0.033673
			arctic_water=0.000
			mud=0.010078
			sandstorm=0.000000
			min_snow_level=0.000
		}
		period={
			between={ 0.11 30.11 }
			temperature={ -12.0 -8.00 }
			no_phenomenon=0.850047
			rain_light=0.086496
			rain_heavy=0.011519
			snow=0.035770
			blizzard=0.016167
			arctic_water=0.000
			mud=0.010953
			sandstorm=0.000000
			min_snow_level=0.000
		}
		
	}
}
