strategic_region={
	id=14
	name="STRATEGICREGION_14"
	provinces={
		2 3 4 5 6 7 8 123 124 125 126 127 128 155 156 157 158 159 495 496 497 498 499 500 501 502 503 504 505 547 548 549 550 551 552 670 671 672 673 674 675 676 677 678 779 780 781 782 783 784 785 786 787 788 1027 1028 1029 1030 1031 1032 1095 1096 1097 1098 1323 1324 1325 1326 1327 1328 1329 1384 1385 1386 1387 1388 1389 1390 1454 1455 1456 1457 1458 1459 1460 1461 1462 1463 1464 1465 1834 1835 1836 1837 1838 1839 1840 1841 1901 1902 1903 1904 1905 2007 2008 2009 2010 2011 2012 2013 2014 2162 2163 2164 2165 2166 2167 2168 2169 2170 2171 2246 2247 2248 2249 2250 2251 2259 2347 2348 2349 2350 2351 2352 2353 2354 2355 2356 2357 2358 2437 2448 2449 2450 2451 2452 2453 2458 2461 2462 2501 2502 2503 2504 2505 2507 2508 2509 2823 2824 2825 2826 2827 2828 2829 2876 2877 2878 2879 2880 2881 3033 3035 3106 3107 3108 3109 3110 3111 3155 3156 3158 3159 3160 3161 3162 3163 3164 3165 3166 3167 3168 3169 3314 3315 3316 3407 3408 3409 3410 3413 3503 3504 3505 3506 3507 3508 3537 3538 3539 3593 3594 3679 3680 3681 3682 3683 3684 3685 3686 3687 3688 3689 3690 3691 3737 3738 3739 3740 3741 3742 3784 3785 3786 3787 3788 3789 3836 3837 3838 3839 3891 3892 3893 3894 3895 3900 3901 3902 3916 3917 3919 3921 3922 3923 3940 3941 3998 3999 4000 4001 4002 4003 4004 4005 4006 4007 4008 4009 4050 4051 4052 4053 4054 4055 4056 4057 4058 4121 4122 4146 4147 4148 4149 4150 4151 4152 4153 4154 4155 4156 4157 4158 4275 4276 4277 4278 4279 4280 4281 4282 4283 4284 4285 4286 4287 4288 4289 4290 4454 4455 4456 4457 4458 4459 4460 4461 4462 4463 4464 4465 4466 4467 4468 4469 4470 4471 4472 4473 4474 4475 4476 4477 4677 4743 4744 4745 4746 4747 4748 4825 4826 4827 4828 4829 4959 4960 4961 4963 4966 4968 4994 4995 4996 4997 4998 4999 5145 5146 5147 5217 5227 5229 5301 5323 5324 5414 5415 5416 5430 5431 5432 5433 5434 5435 5436 5437 5438 5439 5440 5470 5471 5474 5475 5476 5501 5509 5608 5609 5664 5665 5666 5771 5845 5846 5847 5848 5849 5850 5851 5852 5870 5871 5872 5873 5895 5896 5956 5957 5958 5959 5961 5962 5963 5964 5965 5966 5967 5968 5969 5970 5971 5972 5999 6000 6001 6019 6020 6053 6054 6055 6056 6057 6153 6154 6155 6219 6220 6304 6305 6306 6324 6325 6326 6354 6379 6380 6381 6382 6383 6448 6449 6450 6451 6462 6463 6464 6465 6484 6485 6486 6487 6488 6489 6524 6525 6676 6677 6678 6932 6933 6934 6935 6936 6937 6938 6939 6966 6967 6993 6994 7030 7051 7055 7214 7215 7216 7217 7228 7229 7230 7243 7244 7245 7246 7247 7248 7249 7260 7263 7286 7287 7288 7289 7290 7291 7292 7293 7294 7295 7355 7356 7357 7358 7359 7419 7420 7438 7439 7440 7441 7533 7534 7535 7536 7537 7538 7539 7540 7541 7542 7543 7544 7545 7713 7850 7851 7852 7853 7854 7855 7856 7857 7988 7989 7990 8042 8057 8059 8060
	}
	
	weather={
		period={
			between={ 0.0 30.0 }
			temperature={ 25.00 30.00 }
			no_phenomenon=0.633840
			rain_light=0.132027
			rain_heavy=0.234132
			snow=0.000000
			blizzard=0.000000
			arctic_water=0.000
			mud=0.060029
			sandstorm=0.000000
			min_snow_level=0.000
		}
		period={
			between={ 0.1 27.1 }
			temperature={ 27.00 32.00 }
			no_phenomenon=0.633840
			rain_light=0.122911
			rain_heavy=0.243249
			snow=0.000000
			blizzard=0.000000
			arctic_water=0.000
			mud=0.060941
			sandstorm=0.000000
			min_snow_level=0.000
		}
		period={
			between={ 0.2 30.2 }
			temperature={ 28.00 34.00 }
			no_phenomenon=0.633840
			rain_light=0.113795
			rain_heavy=0.252365
			snow=0.000000
			blizzard=0.000000
			arctic_water=0.000
			mud=0.061852
			sandstorm=0.000000
			min_snow_level=0.000
		}
		period={
			between={ 0.3 29.3 }
			temperature={ 30.00 35.00 }
			no_phenomenon=0.633840
			rain_light=0.104679
			rain_heavy=0.261481
			snow=0.000000
			blizzard=0.000000
			arctic_water=0.000
			mud=0.062764
			sandstorm=0.000000
			min_snow_level=0.000
		}
		period={
			between={ 0.4 30.4 }
			temperature={ 32.00 37.00 }
			no_phenomenon=0.633840
			rain_light=0.095563
			rain_heavy=0.270597
			snow=0.000000
			blizzard=0.000000
			arctic_water=0.000
			mud=0.063676
			sandstorm=0.000000
			min_snow_level=0.000
		}
		period={
			between={ 0.5 29.5 }
			temperature={ 33.00 39.00 }
			no_phenomenon=0.633840
			rain_light=0.086446
			rain_heavy=0.279713
			snow=0.000000
			blizzard=0.000000
			arctic_water=0.000
			mud=0.064587
			sandstorm=0.000000
			min_snow_level=0.000
		}
		period={
			between={ 0.6 30.6 }
			temperature={ 35.00 41.00 }
			no_phenomenon=0.633840
			rain_light=0.077330
			rain_heavy=0.288830
			snow=0.000000
			blizzard=0.000000
			arctic_water=0.000
			mud=0.065499
			sandstorm=0.000000
			min_snow_level=0.000
		}
		period={
			between={ 0.7 30.7 }
			temperature={ 33.00 39.00 }
			no_phenomenon=0.633840
			rain_light=0.086446
			rain_heavy=0.279713
			snow=0.000000
			blizzard=0.000000
			arctic_water=0.000
			mud=0.064587
			sandstorm=0.000000
			min_snow_level=0.000
		}
		period={
			between={ 0.8 29.8 }
			temperature={ 32.00 37.00 }
			no_phenomenon=0.633840
			rain_light=0.095563
			rain_heavy=0.270597
			snow=0.000000
			blizzard=0.000000
			arctic_water=0.000
			mud=0.063676
			sandstorm=0.000000
			min_snow_level=0.000
		}
		period={
			between={ 0.9 30.9 }
			temperature={ 30.00 35.00 }
			no_phenomenon=0.633840
			rain_light=0.104679
			rain_heavy=0.261481
			snow=0.000000
			blizzard=0.000000
			arctic_water=0.000
			mud=0.062764
			sandstorm=0.000000
			min_snow_level=0.000
		}
		period={
			between={ 0.10 29.10 }
			temperature={ 28.00 34.00 }
			no_phenomenon=0.633840
			rain_light=0.113795
			rain_heavy=0.252365
			snow=0.000000
			blizzard=0.000000
			arctic_water=0.000
			mud=0.061852
			sandstorm=0.000000
			min_snow_level=0.000
		}
		period={
			between={ 0.11 30.11 }
			temperature={ 27.00 32.00 }
			no_phenomenon=0.633840
			rain_light=0.122911
			rain_heavy=0.243249
			snow=0.000000
			blizzard=0.000000
			arctic_water=0.000
			mud=0.060941
			sandstorm=0.000000
			min_snow_level=0.000
		}
		
	}
}
