strategic_region={
	id=21
	name="STRATEGICREGION_21"
	provinces={
		9 10 11 12 13 14 15 16 17 108 109 110 111 112 113 392 393 394 395 473 474 475 476 477 478 479 480 526 527 528 529 530 531 532 533 534 535 536 537 603 604 605 606 607 608 609 914 915 916 917 918 919 920 921 922 923 924 925 926 969 970 971 1079 1080 1081 1082 1137 1138 1139 1140 1141 1142 1143 1144 1145 1146 1211 1212 1391 1392 1393 1394 1414 1415 1416 1417 1418 1506 1507 1508 1509 1510 1511 1512 1513 1514 1706 1707 1708 1709 1710 1711 2104 2105 2106 2107 2108 2109 2110 2111 2112 2113 2118 2119 2121 2192 2193 2194 2195 2196 2197 2198 2260 2261 2262 2263 2264 2265 2360 2361 2362 2366 2367 2368 2372 2373 2374 2375 2408 2409 2410 2468 2469 2470 2471 2472 2473 2474 2475 2476 2477 2478 2479 2480 2481 2482 2483 2484 2485 2486 2487 2488 2489 2595 2596 2610 2611 2612 2613 2614 2615 2616 2617 2618 2619 2882 2883 2884 2885 2886 3195 3196 3197 3198 3199 3200 3201 3202 3213 3214 3215 3216 3217 3218 3219 3220 3221 3222 3223 3224 3225 3226 3227 3228 3399 3400 3401 3402 3403 3404 3405 3406 3517 3518 3519 3520 3522 3523 3527 3528 3529 3530 3531 3532 3533 3534 3535 3536 3566 3692 3693 3694 3695 3696 3697 3798 3801 3848 3849 3850 3851 3852 3853 3854 3986 3987 3988 3989 3990 3991 4031 4032 4532 4533 4534 4535 4536 4537 4538 4539 4540 4541 4542 4543 4544 4545 4546 4547 4548 4549 4555 4556 4557 4558 4559 4560 4561 4562 4563 4564 4565 4566 4567 4568 4632 4633 4634 4635 4636 4637 4638 4639 4640 4668 4669 4670 4671 4672 4673 4674 4760 4761 4762 4772 4773 4774 4775 4776 4777 4837 4838 4839 4840 4841 5148 5149 5150 5151 5152 5153 5154 5195 5196 5197 5198 5201 5203 5204 5208 5287 5288 5289 5304 5305 5325 5326 5327 5328 5329 5330 5331 5384 5385 5386 5387 5389 5486 5487 5488 5489 5490 5548 5549 5550 5647 5648 5649 5650 5698 5699 5700 5701 5702 5703 5704 5705 5732 5733 5734 5735 5736 5737 5738 5775 5776 5777 5778 5874 6175 6176 6177 6178 6179 6180 6181 6182 6466 6467 6468 6469 6470 6513 6514 6515 6613 6614 6615 6616 6644 6645 6646 6647 6648 6649 6650 6693 6694 6695 6696 6697 6698 6699 6700 6701 6702 6703 6825 6826 6827 6828 6829 6830 6831 7001 7002 7003 7004 7005 7006 7019 7020 7023 7140 7141 7142 7143 7144 7145 7146 7147 7148 7149 7150 7156 7157 7158 7159 7160 7161 7162 7163 7164 7274 7275 7276 7277 7307 7308 7309 7310 7311 7344 7345 7360 7361 7362 7363 7408 7409 7410 7411 7412 7413 7414 7415 7416 7417 7418 7509 7510 7716 7717 7718 7719 7720 7742 7743 7744 7745 7746 7747 7748 7749 7750 7751 7752 7936 7937 7938 7939 7940 7941 7942 7964 7965 7966 7967 7968 7969
	}
	
	weather={
		period={
			between={ 0.0 30.0 }
			temperature={ 36.00 38.00 }
			no_phenomenon=0.741588
			rain_light=0.052810
			rain_heavy=0.205602
			snow=0.000000
			blizzard=0.000000
			arctic_water=0.000
			mud=0.046401
			sandstorm=0.000000
			min_snow_level=0.000
		}
		period={
			between={ 0.1 27.1 }
			temperature={ 33.00 36.00 }
			no_phenomenon=0.741588
			rain_light=0.062673
			rain_heavy=0.195740
			snow=0.000000
			blizzard=0.000000
			arctic_water=0.000
			mud=0.045415
			sandstorm=0.000000
			min_snow_level=0.000
		}
		period={
			between={ 0.2 30.2 }
			temperature={ 30.00 33.00 }
			no_phenomenon=0.741588
			rain_light=0.072535
			rain_heavy=0.185877
			snow=0.000000
			blizzard=0.000000
			arctic_water=0.000
			mud=0.044429
			sandstorm=0.000000
			min_snow_level=0.000
		}
		period={
			between={ 0.3 29.3 }
			temperature={ 28.00 30.00 }
			no_phenomenon=0.741588
			rain_light=0.082397
			rain_heavy=0.176015
			snow=0.000000
			blizzard=0.000000
			arctic_water=0.000
			mud=0.043443
			sandstorm=0.000000
			min_snow_level=0.000
		}
		period={
			between={ 0.4 30.4 }
			temperature={ 25.00 28.00 }
			no_phenomenon=0.741588
			rain_light=0.092260
			rain_heavy=0.166152
			snow=0.000000
			blizzard=0.000000
			arctic_water=0.000
			mud=0.042456
			sandstorm=0.000000
			min_snow_level=0.000
		}
		period={
			between={ 0.5 29.5 }
			temperature={ 22.00 25.00 }
			no_phenomenon=0.741588
			rain_light=0.102122
			rain_heavy=0.156290
			snow=0.000000
			blizzard=0.000000
			arctic_water=0.000
			mud=0.041470
			sandstorm=0.000000
			min_snow_level=0.000
		}
		period={
			between={ 0.6 30.6 }
			temperature={ 20.00 22.00 }
			no_phenomenon=0.741588
			rain_light=0.111985
			rain_heavy=0.146428
			snow=0.000000
			blizzard=0.000000
			arctic_water=0.000
			mud=0.040484
			sandstorm=0.000000
			min_snow_level=0.000
		}
		period={
			between={ 0.7 30.7 }
			temperature={ 22.00 25.00 }
			no_phenomenon=0.741588
			rain_light=0.102122
			rain_heavy=0.156290
			snow=0.000000
			blizzard=0.000000
			arctic_water=0.000
			mud=0.041470
			sandstorm=0.000000
			min_snow_level=0.000
		}
		period={
			between={ 0.8 29.8 }
			temperature={ 25.00 28.00 }
			no_phenomenon=0.741588
			rain_light=0.092260
			rain_heavy=0.166152
			snow=0.000000
			blizzard=0.000000
			arctic_water=0.000
			mud=0.042456
			sandstorm=0.000000
			min_snow_level=0.000
		}
		period={
			between={ 0.9 30.9 }
			temperature={ 28.00 30.00 }
			no_phenomenon=0.741588
			rain_light=0.082397
			rain_heavy=0.176015
			snow=0.000000
			blizzard=0.000000
			arctic_water=0.000
			mud=0.043443
			sandstorm=0.000000
			min_snow_level=0.000
		}
		period={
			between={ 0.10 29.10 }
			temperature={ 30.00 33.00 }
			no_phenomenon=0.741588
			rain_light=0.072535
			rain_heavy=0.185877
			snow=0.000000
			blizzard=0.000000
			arctic_water=0.000
			mud=0.044429
			sandstorm=0.000000
			min_snow_level=0.000
		}
		period={
			between={ 0.11 30.11 }
			temperature={ 33.00 36.00 }
			no_phenomenon=0.741588
			rain_light=0.062673
			rain_heavy=0.195740
			snow=0.000000
			blizzard=0.000000
			arctic_water=0.000
			mud=0.045415
			sandstorm=0.000000
			min_snow_level=0.000
		}
		
	}
}
