strategic_region={
	id=30
	name="STRATEGICREGION_30"
	provinces={
		37 38 39 40 41 42 43 44 104 105 106 107 396 397 398 399 400 440 441 442 443 610 611 612 613 892 893 894 895 896 897 1039 1040 1041 1042 1043 1044 1049 1050 1051 1190 1191 1192 1193 1194 1195 1257 1258 1268 1269 1270 1271 1272 1361 1362 1363 1364 1365 1637 1638 1639 1640 1641 1642 1695 1696 1697 1698 1699 1700 1701 1702 1767 1768 1769 1770 1771 1772 1773 1774 1775 1776 1777 1778 1779 1780 1781 1782 1783 1784 1842 1843 1844 1845 1846 1954 1984 1985 1986 1987 1988 1989 2558 2559 2560 2692 2693 2694 2695 2696 2764 2765 2766 2790 2791 2792 2793 2794 2795 3065 3066 3067 3068 3122 3123 3124 3125 3126 3127 3128 3129 3130 3131 3246 3247 3248 3249 3318 3319 3320 3321 3322 3323 3324 3325 3326 3327 3328 3397 3398 3674 3707 3708 3709 3710 3711 3746 3747 4101 4102 4103 4104 4105 4106 4112 4113 4114 4115 4116 4262 4263 4264 4483 4484 4485 4486 4609 4610 4611 4612 4613 4614 4615 4616 4617 4618 4619 4620 4621 4622 4623 4624 4625 4626 4627 4628 4629 4630 4631 4749 4750 4751 4752 4753 4754 4781 4782 4783 4918 4919 4945 4946 4947 4948 4949 4950 4951 4952 4978 5036 5037 5038 5039 5040 5041 5103 5104 5155 5156 5157 5158 5159 5160 5317 5318 5319 5320 5321 5335 5336 5337 5338 5339 5369 5370 5371 5372 5373 5374 5375 5376 5377 5378 5379 5380 5381 5382 5383 5481 5576 5577 5598 5599 5600 5601 5602 5603 5624 5625 5626 5627 5628 5629 5630 5758 5759 5760 5782 5783 5784 5785 5786 5787 5788 5789 5790 5791 5792 5793 5794 6140 6141 6142 6156 6157 6158 6159 6160 6161 6163 6164 6165 6290 6291 6292 6384 6385 6386 6387 6388 6389 6390 6391 6392 6393 6394 6395 6396 6397 6398 6399 6400 6401 6402 6403 6433 6434 6435 6436 6437 6438 6503 6506 6592 6593 6594 6754 6755 6756 6757 6758 6759 6760 6761 6762 6763 6764 6765 6766 6767 6768 6769 6770 6923 6924 6925 6926 6977 6997 6998 6999 7000 7007 7008 7009 7221 7222 7223 7250 7251 7252 7563 7564 7565 7566 7848 7849 7869 7870 7871 7880 7881 7882 7883 7954 7955 7957 7958 7959 7984 7985 7986 7987 8019 8043 8044 8045 8046 8047 8048 8049 8050 8051 8052 8053 8054 8055 10612 10613 10614
	}
	
	weather={
		period={
			between={ 0.0 30.0 }
			temperature={ 38.00 46.00 }
			no_phenomenon=0.726096
			rain_light=0.047757
			rain_heavy=0.226146
			snow=0.000000
			blizzard=0.000000
			arctic_water=0.000
			mud=0.050005
			sandstorm=0.000000
			min_snow_level=0.000
		}
		period={
			between={ 0.1 27.1 }
			temperature={ 37.00 45.00 }
			no_phenomenon=0.726096
			rain_light=0.052328
			rain_heavy=0.221575
			snow=0.000000
			blizzard=0.000000
			arctic_water=0.000
			mud=0.049548
			sandstorm=0.000000
			min_snow_level=0.000
		}
		period={
			between={ 0.2 30.2 }
			temperature={ 35.00 44.00 }
			no_phenomenon=0.726096
			rain_light=0.056899
			rain_heavy=0.217004
			snow=0.000000
			blizzard=0.000000
			arctic_water=0.000
			mud=0.049091
			sandstorm=0.000000
			min_snow_level=0.000
		}
		period={
			between={ 0.3 29.3 }
			temperature={ 34.00 43.00 }
			no_phenomenon=0.726096
			rain_light=0.061470
			rain_heavy=0.212433
			snow=0.000000
			blizzard=0.000000
			arctic_water=0.000
			mud=0.048634
			sandstorm=0.000000
			min_snow_level=0.000
		}
		period={
			between={ 0.4 30.4 }
			temperature={ 33.00 41.00 }
			no_phenomenon=0.726096
			rain_light=0.066041
			rain_heavy=0.207862
			snow=0.000000
			blizzard=0.000000
			arctic_water=0.000
			mud=0.048177
			sandstorm=0.000000
			min_snow_level=0.000
		}
		period={
			between={ 0.5 29.5 }
			temperature={ 32.00 40.00 }
			no_phenomenon=0.726096
			rain_light=0.070612
			rain_heavy=0.203291
			snow=0.000000
			blizzard=0.000000
			arctic_water=0.000
			mud=0.047720
			sandstorm=0.000000
			min_snow_level=0.000
		}
		period={
			between={ 0.6 30.6 }
			temperature={ 31.00 39.00 }
			no_phenomenon=0.726096
			rain_light=0.075183
			rain_heavy=0.198720
			snow=0.000000
			blizzard=0.000000
			arctic_water=0.000
			mud=0.047262
			sandstorm=0.000000
			min_snow_level=0.000
		}
		period={
			between={ 0.7 30.7 }
			temperature={ 32.00 40.00 }
			no_phenomenon=0.726096
			rain_light=0.070612
			rain_heavy=0.203291
			snow=0.000000
			blizzard=0.000000
			arctic_water=0.000
			mud=0.047720
			sandstorm=0.000000
			min_snow_level=0.000
		}
		period={
			between={ 0.8 29.8 }
			temperature={ 33.00 41.00 }
			no_phenomenon=0.726096
			rain_light=0.066041
			rain_heavy=0.207862
			snow=0.000000
			blizzard=0.000000
			arctic_water=0.000
			mud=0.048177
			sandstorm=0.000000
			min_snow_level=0.000
		}
		period={
			between={ 0.9 30.9 }
			temperature={ 34.00 43.00 }
			no_phenomenon=0.726096
			rain_light=0.061470
			rain_heavy=0.212433
			snow=0.000000
			blizzard=0.000000
			arctic_water=0.000
			mud=0.048634
			sandstorm=0.000000
			min_snow_level=0.000
		}
		period={
			between={ 0.10 29.10 }
			temperature={ 35.00 44.00 }
			no_phenomenon=0.726096
			rain_light=0.056899
			rain_heavy=0.217004
			snow=0.000000
			blizzard=0.000000
			arctic_water=0.000
			mud=0.049091
			sandstorm=0.000000
			min_snow_level=0.000
		}
		period={
			between={ 0.11 30.11 }
			temperature={ 37.00 45.00 }
			no_phenomenon=0.726096
			rain_light=0.052328
			rain_heavy=0.221575
			snow=0.000000
			blizzard=0.000000
			arctic_water=0.000
			mud=0.049548
			sandstorm=0.000000
			min_snow_level=0.000
		}
		
	}
}
