strategic_region={
	id=48
	name="STRATEGICREGION_48"
	provinces={
		19 84 85 293 302 303 304 305 306 405 406 407 408 409 417 418 620 621 622 623 624 625 640 641 642 643 644 645 646 647 648 655 656 657 658 659 700 745 747 748 750 751 752 753 755 756 757 758 760 761 764 765 767 768 946 948 949 952 954 997 999 1087 1088 1089 1090 1091 1092 1093 1172 1229 1230 1231 1232 1405 1406 1407 1408 1409 1410 1411 1412 1413 1435 1436 1539 1540 1541 1542 1543 1544 1545 1546 1547 1548 1549 1550 1551 1573 1574 1575 1576 1577 1578 1579 1580 1581 1582 1583 1584 1643 1644 1645 1646 1647 1648 1649 1650 1651 1660 1661 1662 1663 1664 1726 1816 1868 1869 1870 1871 1872 1873 1874 1920 1921 1922 1923 1924 1925 1926 1927 2060 2061 2062 2063 2064 2065 2116 2117 2120 2122 2123 2127 2309 2310 2311 2312 2313 2314 2315 2316 2359 2365 2510 2511 2512 2513 2536 2537 2551 2597 2598 2599 2752 2753 2754 2755 2910 2911 2912 2922 2923 2924 2925 2926 2927 2928 2929 2930 2931 3112 3113 3114 3115 3116 3117 3118 3172 3173 3174 3175 3176 3337 3339 3427 3428 3431 3432 3433 3434 3435 3458 3459 3460 3461 3524 3525 3526 3632 3668 3669 3670 3671 3672 3715 3716 3717 3718 3719 3720 3721 3722 3723 3724 3725 3726 3727 3728 3729 3799 3800 3855 3856 3942 3943 3944 3945 3946 4107 4108 4109 4110 4111 4117 4118 4119 4120 4167 4168 4170 4171 4172 4173 4174 4175 4176 4177 4178 4179 4180 4216 4217 4295 4296 4297 4298 4299 4300 4301 4302 4303 4304 4305 4306 4307 4308 4309 4390 4391 4395 4397 4398 4696 4697 4699 4700 4701 4702 4704 4705 4706 4707 4708 4763 4766 4768 4769 4770 4802 4937 4979 4980 4981 4982 5046 5049 5050 5052 5286 5482 5559 5587 5588 5824 5825 5826 5827 5831 5833 5952 5953 5954 5955 6064 6065 6066 6202 6203 6204 6205 6206 6207 6208 6209 6210 6288 6289 6404 6405 6406 6407 6458 6459 6460 6461 6624 6625 6626 6627 6628 6629 6630 6631 6632 6633 6727 6748 6749 6750 6751 6752 6855 6856 6859 6860 6863 6864 6865 6867 6869 6871 6882 6883 6886 6888 6890 6891 6892 6893 6918 7031 7032 7033 7034 7224 7225 7226 7349 7365 7366 7392 7393 7394 7395 7425 7426 7427 7435 7446 7447 7448 7550 7551 7552 7553 7555 7570 7571 7572 7573 7574 7575 7576 7625 7626 7627 7628 7629 7630 7631 7632 7633 7634 7635 7636 7652 7653 7712 7774 7775 7776 7777 7778 7779 7780 7781 7782 7783 7784 7785 7833 7834 7838 8031 8032 8033 8034 8035 8036 8037 8038 8039 8040 8041 8147 8148 8710
	}
	
	weather={
		period={
			between={ 0.0 30.0 }
			temperature={ 30.00 38.00 }
			no_phenomenon=0.733236
			rain_light=0.077230
			rain_heavy=0.189534
			snow=0.000000
			blizzard=0.000000
			arctic_water=0.000
			mud=0.045630
			sandstorm=0.000000
			min_snow_level=0.000
		}
		period={
			between={ 0.1 27.1 }
			temperature={ 31.00 39.00 }
			no_phenomenon=0.733236
			rain_light=0.072952
			rain_heavy=0.193812
			snow=0.000000
			blizzard=0.000000
			arctic_water=0.000
			mud=0.046058
			sandstorm=0.000000
			min_snow_level=0.000
		}
		period={
			between={ 0.2 30.2 }
			temperature={ 32.00 40.00 }
			no_phenomenon=0.733236
			rain_light=0.068673
			rain_heavy=0.198090
			snow=0.000000
			blizzard=0.000000
			arctic_water=0.000
			mud=0.046485
			sandstorm=0.000000
			min_snow_level=0.000
		}
		period={
			between={ 0.3 29.3 }
			temperature={ 33.00 42.00 }
			no_phenomenon=0.733236
			rain_light=0.064395
			rain_heavy=0.202369
			snow=0.000000
			blizzard=0.000000
			arctic_water=0.000
			mud=0.046913
			sandstorm=0.000000
			min_snow_level=0.000
		}
		period={
			between={ 0.4 30.4 }
			temperature={ 34.00 43.00 }
			no_phenomenon=0.733236
			rain_light=0.060117
			rain_heavy=0.206647
			snow=0.000000
			blizzard=0.000000
			arctic_water=0.000
			mud=0.047341
			sandstorm=0.000000
			min_snow_level=0.000
		}
		period={
			between={ 0.5 29.5 }
			temperature={ 35.00 44.00 }
			no_phenomenon=0.733236
			rain_light=0.055839
			rain_heavy=0.210925
			snow=0.000000
			blizzard=0.000000
			arctic_water=0.000
			mud=0.047769
			sandstorm=0.000000
			min_snow_level=0.000
		}
		period={
			between={ 0.6 30.6 }
			temperature={ 36.00 45.00 }
			no_phenomenon=0.733236
			rain_light=0.051560
			rain_heavy=0.215203
			snow=0.000000
			blizzard=0.000000
			arctic_water=0.000
			mud=0.048197
			sandstorm=0.000000
			min_snow_level=0.000
		}
		period={
			between={ 0.7 30.7 }
			temperature={ 35.00 44.00 }
			no_phenomenon=0.733236
			rain_light=0.055839
			rain_heavy=0.210925
			snow=0.000000
			blizzard=0.000000
			arctic_water=0.000
			mud=0.047769
			sandstorm=0.000000
			min_snow_level=0.000
		}
		period={
			between={ 0.8 29.8 }
			temperature={ 34.00 43.00 }
			no_phenomenon=0.733236
			rain_light=0.060117
			rain_heavy=0.206647
			snow=0.000000
			blizzard=0.000000
			arctic_water=0.000
			mud=0.047341
			sandstorm=0.000000
			min_snow_level=0.000
		}
		period={
			between={ 0.9 30.9 }
			temperature={ 33.00 42.00 }
			no_phenomenon=0.733236
			rain_light=0.064395
			rain_heavy=0.202369
			snow=0.000000
			blizzard=0.000000
			arctic_water=0.000
			mud=0.046913
			sandstorm=0.000000
			min_snow_level=0.000
		}
		period={
			between={ 0.10 29.10 }
			temperature={ 32.00 40.00 }
			no_phenomenon=0.733236
			rain_light=0.068673
			rain_heavy=0.198090
			snow=0.000000
			blizzard=0.000000
			arctic_water=0.000
			mud=0.046485
			sandstorm=0.000000
			min_snow_level=0.000
		}
		period={
			between={ 0.11 30.11 }
			temperature={ 31.00 39.00 }
			no_phenomenon=0.733236
			rain_light=0.072952
			rain_heavy=0.193812
			snow=0.000000
			blizzard=0.000000
			arctic_water=0.000
			mud=0.046058
			sandstorm=0.000000
			min_snow_level=0.000
		}
		
	}
}
