state = {
    id = 156
    name="STATE_156"
    manpower = 0
    state_category = megalopolis

    resources = {
        aluminium = 1
        chromium = 1
        oil = 1
        rubber = 1
        steel = 1
        tungsten = 1
        coal = 1
    }

    history = {
        owner = YAN
        add_core_of = YAN
        buildings = {
            infrastructure = 1
            air_base = 1
        }
    }

    provinces = {
        670 672 675 676 677 779 780 781 782 783 784 1454 1456 1458 1837 1838 1839 1840 1841 2462 2501 2502 2503 2504 2505 2876 2877 2878 2879 2880 2881 3314 3504 3505 3506 3508 3537 3538 3539 3737 3738 3739 3740 3741 3742 3836 3837 3838 3839 4050 4051 4052 4053 4054 4055 4056 4057 4058 4275 4276 4277 4278 4279 4280 4281 4282 4283 4284 4285 4286 4287 4288 4289 4290 4744 4745 4746 4747 4748 4994 4998 5145 5147 5301 5439 5440 5608 5609 6053 6054 6055 6056 6057 6484 6485 6486 6487 6488 6489 6524 6525 6676 6677 6678 6993 6994 7051 7055 7243 7244 7245 7246 7534 7535 7536 7538 7540 7542 7543 7544 7545
    }

    local_supplies = 0
}
