# Dawn of Terra 1028: validated adjacent railway edges.
# All valid original tracks retained; domestic supply backbones upgraded to level 2.
2 2 1 3501
1 2 1 4914
2 2 1 7532
2 2 2 3
2 2 2 4
2 2 2 5961
2 2 2 7857
2 2 3 6
1 2 3 5961
2 2 9 16
2 2 9 2479
2 2 10 2486
2 2 11 16
2 2 15 16
2 2 18 19
2 2 18 2888
2 2 18 5483
2 2 18 6289
2 2 19 4607
2 2 19 5824
1 2 20 6323
2 2 20 7913
1 2 24 27
2 2 24 29
2 2 25 28
2 2 25 6907
2 2 26 32
1 2 26 4251
2 2 27 29
1 2 28 29
2 2 28 32
2 2 29 31
2 2 29 32
2 2 31 4249
2 2 32 6530
2 2 33 34
1 2 33 1423
1 2 34 358
2 2 34 891
2 2 34 6249
2 2 35 359
2 2 37 38
2 2 37 5600
2 2 38 41
2 2 39 41
2 2 39 4918
2 2 56 4891
2 2 57 62
2 2 57 63
2 2 60 837
2 2 60 5175
2 2 62 4891
2 2 63 2813
2 2 64 1233
2 2 65 66
2 2 65 67
2 2 65 4808
2 2 65 7077
2 2 66 1070
2 2 66 1071
1 2 67 1070
2 2 72 4758
2 2 73 75
2 2 75 4756
2 2 78 82
2 2 78 5607
2 2 79 83
2 2 79 5398
2 2 80 83
1 2 80 6138
2 2 82 5396
2 2 83 3289
2 2 85 2930
1 2 85 3432
2 2 89 91
2 2 90 1356
2 2 91 92
2 2 91 2141
2 2 91 6740
2 2 92 94
1 2 94 6031
2 2 95 5885
2 2 96 100
2 2 96 1162
1 2 100 975
1 2 100 2180
2 2 104 106
2 2 105 107
2 2 106 107
2 2 106 3246
2 2 107 5319
2 2 108 110
1 2 109 2884
2 2 109 7308
2 2 110 2113
2 2 114 6839
2 2 115 122
2 2 115 6896
2 2 116 120
2 2 116 122
2 2 120 7165
2 2 123 4457
2 2 126 1905
1 2 126 3822
2 2 132 5804
2 2 139 7532
1 2 148 149
2 2 148 3816
2 2 148 3818
2 2 148 5578
1 2 149 3818
2 2 149 5578
2 2 149 6045
2 2 151 4344
1 2 151 6214
2 2 152 2494
2 2 155 158
2 2 155 7990
1 2 158 3617
2 2 158 5664
2 2 158 5665
2 2 160 5535
2 2 161 5535
2 2 161 5536
1 2 161 6788
1 2 161 6795
2 2 163 167
1 2 163 7941
2 2 164 166
2 2 164 167
2 2 164 168
2 2 166 6812
1 2 167 3221
1 2 167 3222
2 2 169 171
2 2 169 5043
2 2 170 6878
2 2 171 175
2 2 171 6872
2 2 176 7094
2 2 177 1877
2 2 177 2300
2 2 178 179
2 2 178 4324
2 2 179 2300
2 2 180 189
2 2 180 885
2 2 184 187
2 2 184 885
2 2 184 1746
2 2 187 188
2 2 188 1037
2 2 189 886
2 2 189 7835
2 2 199 3867
2 2 200 3356
2 2 201 6518
2 2 202 3000
2 2 205 207
2 2 205 208
1 2 206 4346
2 2 206 4739
2 2 207 1446
2 2 207 4739
2 2 208 3250
2 2 208 3251
2 2 209 213
2 2 210 212
2 2 210 845
2 2 210 5712
2 2 211 213
2 2 211 216
2 2 213 3462
2 2 216 1119
2 2 219 790
2 2 219 3462
2 2 221 222
2 2 221 225
2 2 221 3496
2 2 221 7044
2 2 222 224
2 2 222 3267
2 2 222 4550
2 2 222 7949
2 2 223 225
2 2 223 5484
2 2 224 4068
1 2 225 7044
2 2 226 232
2 2 226 237
2 2 227 237
2 2 232 7842
2 2 243 1704
2 2 243 1705
2 2 243 2182
1 2 244 2199
2 2 244 2230
2 2 246 1704
1 2 246 2218
2 2 247 1705
2 2 247 2181
2 2 247 2668
1 2 258 259
2 2 258 260
2 2 258 3134
2 2 259 2343
1 2 259 3137
1 2 260 2343
1 2 260 2345
2 2 262 263
2 2 263 266
2 2 263 721
2 2 264 266
1 2 264 3362
2 2 266 6490
2 2 268 6443
2 2 279 282
2 2 279 2397
2 2 280 2400
2 2 280 3486
2 2 281 283
2 2 282 4862
2 2 283 4862
2 2 286 2397
2 2 286 3171
2 2 290 291
2 2 291 6602
2 2 293 5286
2 2 293 5954
2 2 293 6855
2 2 293 6856
2 2 301 6268
2 2 302 3174
2 2 302 4216
2 2 303 7032
2 2 303 7393
2 2 304 4217
2 2 307 311
2 2 307 1952
2 2 307 6905
2 2 310 311
2 2 310 4860
2 2 311 789
1 2 311 1947
2 2 311 3120
2 2 315 317
2 2 315 6742
2 2 316 317
2 2 316 2000
2 2 320 2742
2 2 322 2744
2 2 322 2746
2 2 323 336
2 2 323 339
2 2 323 343
2 2 327 343
2 2 331 333
2 2 331 2936
1 2 331 7864
2 2 333 340
2 2 336 719
2 2 340 717
2 2 346 348
2 2 346 3972
2 2 346 5290
2 2 348 5213
2 2 348 5292
2 2 349 350
2 2 349 4921
2 2 350 3797
1 2 350 4921
2 2 351 7928
2 2 352 354
2 2 352 7242
2 2 354 4926
1 2 357 358
2 2 357 359
2 2 357 6002
2 2 358 359
1 2 358 891
2 2 358 1224
2 2 359 6245
2 2 361 362
2 2 361 366
2 2 361 7761
2 2 362 363
2 2 363 365
2 2 365 4417
2 2 369 373
2 2 369 4426
2 2 373 7874
2 2 375 2840
2 2 375 6058
2 2 375 6171
2 2 377 4553
1 2 377 6365
1 2 377 7067
2 2 378 379
2 2 378 6710
2 2 379 2585
2 2 379 7061
2 2 384 391
2 2 384 2432
2 2 385 6251
1 2 386 5234
1 2 386 5235
2 2 386 5492
2 2 387 388
1 2 387 389
2 2 387 5960
2 2 388 389
2 2 388 391
2 2 389 1734
2 2 391 5508
2 2 392 394
2 2 392 4777
2 2 393 395
2 2 393 2260
2 2 393 2265
2 2 393 7276
2 2 394 395
1 2 394 4760
2 2 394 4761
2 2 396 4615
2 2 396 4622
2 2 397 399
2 2 397 1987
2 2 399 4612
2 2 399 5758
2 2 406 1171
2 2 406 2551
2 2 406 4771
1 2 410 5428
2 2 410 6162
1 2 411 6275
2 2 411 7569
2 2 412 415
2 2 412 3662
2 2 413 3263
2 2 413 3264
2 2 415 416
2 2 418 419
2 2 418 5559
2 2 419 7551
2 2 419 8079
2 2 424 425
2 2 425 7863
2 2 426 431
2 2 426 5753
2 2 428 433
2 2 428 1955
2 2 429 433
2 2 429 6508
2 2 431 7830
2 2 433 1960
2 2 434 436
2 2 434 439
2 2 434 5485
2 2 434 6152
2 2 436 4887
1 2 439 3501
2 2 439 3607
2 2 440 441
2 2 440 442
2 2 440 4948
2 2 441 5628
2 2 442 443
2 2 442 7954
2 2 454 457
2 2 454 466
2 2 455 458
2 2 455 466
2 2 456 458
2 2 457 465
2 2 459 2288
2 2 459 3304
2 2 466 3308
1 2 467 3796
2 2 467 6731
2 2 468 3664
2 2 468 6730
2 2 468 7018
2 2 468 7025
2 2 475 7158
2 2 479 7158
2 2 479 7159
2 2 485 487
2 2 485 492
1 2 485 493
2 2 485 2948
1 2 486 487
2 2 486 489
2 2 486 493
1 2 487 489
2 2 487 2945
2 2 489 5821
2 2 489 7741
2 2 490 492
2 2 490 493
2 2 490 4951
2 2 491 494
2 2 491 7729
1 2 494 2946
2 2 498 503
2 2 498 505
2 2 500 7851
2 2 503 7852
2 2 505 6304
2 2 506 514
2 2 506 518
2 2 506 4086
2 2 507 5261
2 2 508 513
2 2 508 517
2 2 509 512
2 2 509 517
2 2 510 516
2 2 512 516
2 2 514 517
2 2 515 516
2 2 515 5261
2 2 517 5697
1 2 518 4086
1 2 518 6788
2 2 526 530
2 2 527 535
2 2 527 536
2 2 529 533
2 2 529 535
2 2 530 536
2 2 530 1081
2 2 530 1415
2 2 547 3161
1 2 547 7215
2 2 550 551
2 2 550 5430
2 2 553 554
2 2 554 3586
2 2 554 3588
2 2 554 6067
1 2 554 6378
2 2 555 556
2 2 555 5877
2 2 555 7579
2 2 556 2506
2 2 557 561
2 2 557 564
2 2 557 565
2 2 557 4710
2 2 558 4710
2 2 560 563
2 2 560 4710
1 2 561 564
1 2 561 565
2 2 561 5529
1 2 563 2187
2 2 563 5538
2 2 564 5540
2 2 566 570
1 2 566 2492
2 2 567 572
2 2 567 6419
2 2 567 6444
2 2 568 570
1 2 568 2698
2 2 569 572
2 2 569 2492
2 2 570 571
2 2 570 572
1 2 571 2698
2 2 574 6651
2 2 579 6481
2 2 582 588
2 2 583 585
2 2 584 586
2 2 584 4127
2 2 585 588
2 2 585 4123
2 2 585 4642
2 2 585 6981
2 2 586 589
2 2 586 593
1 2 589 593
2 2 589 6783
2 2 596 599
2 2 596 602
1 2 598 601
2 2 598 1488
2 2 598 2939
2 2 599 601
2 2 601 4415
2 2 602 7866
2 2 603 606
1 2 604 608
2 2 604 609
2 2 604 6829
2 2 605 606
2 2 606 3523
2 2 607 609
2 2 607 3401
2 2 608 6697
2 2 608 6829
2 2 610 613
2 2 610 1843
2 2 612 613
2 2 612 5374
2 2 620 1292
2 2 620 4191
2 2 622 1540
2 2 622 1550
2 2 630 635
2 2 630 636
2 2 630 638
2 2 630 6791
2 2 630 6796
2 2 631 635
2 2 632 633
1 2 632 634
1 2 632 2722
2 2 633 635
1 2 633 637
2 2 633 639
2 2 634 637
1 2 634 5693
2 2 635 637
1 2 637 5691
2 2 638 6793
2 2 639 5420
2 2 641 648
2 2 641 7425
2 2 642 644
2 2 642 1435
2 2 644 7426
2 2 652 5659
1 2 657 658
2 2 657 1580
2 2 657 6404
2 2 658 6404
2 2 659 1580
2 2 659 3725
2 2 670 676
2 2 670 1840
2 2 676 6525
2 2 676 6994
2 2 679 3496
2 2 679 4808
2 2 680 6152
1 2 681 687
2 2 681 3135
2 2 683 2072
2 2 687 1343
2 2 700 2064
2 2 700 7712
2 2 705 706
2 2 705 3931
2 2 706 708
2 2 706 710
2 2 706 4012
2 2 707 709
2 2 707 4015
2 2 707 7680
2 2 708 6336
2 2 709 5989
2 2 710 4015
2 2 712 713
2 2 712 2700
2 2 713 2040
2 2 719 3457
2 2 720 723
2 2 720 725
2 2 721 6443
2 2 722 727
2 2 725 729
2 2 725 6441
2 2 726 3349
2 2 727 5948
2 2 727 8074
2 2 729 5940
2 2 732 733
2 2 733 734
2 2 733 7919
2 2 734 739
2 2 734 5174
2 2 735 6824
2 2 740 743
2 2 740 2762
2 2 743 744
2 2 744 2435
2 2 744 3032
2 2 746 751
2 2 748 2622
2 2 748 4395
2 2 749 752
2 2 751 761
2 2 751 2309
2 2 752 761
1 2 757 4301
2 2 757 6207
2 2 770 771
2 2 770 4729
2 2 771 2579
1 2 775 778
2 2 775 2916
1 2 778 2579
2 2 778 2916
2 2 780 783
2 2 780 3836
2 2 783 5440
1 2 787 788
2 2 787 2503
2 2 788 5145
2 2 789 790
1 2 789 4860
2 2 790 5021
2 2 791 800
2 2 791 7190
1 2 794 6864
2 2 794 7369
2 2 797 800
2 2 797 7372
2 2 804 805
2 2 805 3857
2 2 806 3857
2 2 806 7065
2 2 807 1522
2 2 808 809
2 2 808 3193
2 2 810 3192
2 2 810 4900
2 2 815 822
2 2 815 824
2 2 822 5753
1 2 824 3283
2 2 825 5181
2 2 826 829
2 2 826 2815
2 2 827 829
2 2 827 837
2 2 828 834
2 2 828 836
2 2 836 3735
2 2 839 3734
2 2 839 3735
2 2 848 2806
2 2 848 3545
2 2 865 868
2 2 865 3142
1 2 865 3148
1 2 868 3191
2 2 870 3553
2 2 871 3553
2 2 873 875
2 2 873 4890
2 2 874 7347
2 2 878 879
2 2 878 880
2 2 878 6566
2 2 878 6567
1 2 880 5523
2 2 880 6571
2 2 881 886
2 2 881 888
2 2 882 888
2 2 882 5829
2 2 887 1754
2 2 887 4292
1 2 891 1224
2 2 893 896
2 2 893 5156
2 2 893 6397
2 2 896 6925
2 2 904 3274
2 2 904 5605
2 2 904 6873
2 2 904 7066
2 2 910 911
2 2 910 3484
2 2 910 4755
2 2 911 912
2 2 911 2732
2 2 911 3982
2 2 911 3985
2 2 912 4759
2 2 913 2736
2 2 917 924
1 2 917 2470
2 2 924 1139
2 2 924 1140
2 2 929 931
2 2 929 5249
2 2 929 6349
2 2 931 933
2 2 933 5545
1 2 937 940
2 2 937 1997
2 2 939 940
2 2 939 3509
2 2 939 4479
1 2 939 6096
1 2 940 4479
2 2 942 944
2 2 942 5876
2 2 942 5877
2 2 944 4738
2 2 948 949
2 2 948 7190
2 2 949 954
1 2 954 1411
2 2 955 956
2 2 955 3188
2 2 955 6144
2 2 955 6252
2 2 959 1033
2 2 959 3188
2 2 960 965
2 2 960 6931
2 2 960 7207
2 2 961 964
2 2 961 2422
2 2 961 5567
2 2 962 964
2 2 962 965
2 2 962 2716
2 2 964 3192
2 2 968 1422
1 2 968 1423
2 2 969 4761
2 2 969 4774
2 2 969 7345
2 2 969 7411
2 2 970 4671
2 2 972 982
2 2 972 984
2 2 973 979
2 2 973 6082
2 2 975 984
2 2 975 2180
2 2 976 979
2 2 976 2177
2 2 979 6081
2 2 981 985
2 2 981 2270
1 2 981 5798
1 2 982 6472
1 2 985 6707
2 2 995 5281
2 2 995 7341
2 2 996 998
2 2 998 999
2 2 998 2622
2 2 999 4696
2 2 1001 1013
2 2 1001 1016
2 2 1003 1016
2 2 1003 1018
2 2 1013 5662
2 2 1018 1855
2 2 1020 2836
2 2 1020 7557
2 2 1021 5322
2 2 1021 5368
2 2 1025 1491
2 2 1025 7236
2 2 1026 1488
1 2 1026 1492
2 2 1029 3165
2 2 1029 3169
2 2 1030 1032
2 2 1031 1032
2 2 1031 3166
2 2 1033 1035
2 2 1033 1848
2 2 1035 1851
1 2 1035 5739
2 2 1035 7671
2 2 1036 1038
1 2 1036 7171
2 2 1037 1038
2 2 1038 4181
2 2 1040 1042
2 2 1040 7251
2 2 1041 1042
2 2 1041 1044
1 2 1041 3674
2 2 1045 7956
2 2 1047 2289
2 2 1047 6212
2 2 1050 1051
2 2 1050 5337
2 2 1065 1066
2 2 1065 2407
2 2 1066 6790
2 2 1070 1687
2 2 1072 1073
2 2 1072 3121
2 2 1073 5388
2 2 1080 1081
2 2 1080 4560
2 2 1081 1394
1 2 1083 1086
2 2 1083 4718
2 2 1084 1086
2 2 1086 7328
2 2 1088 1093
2 2 1088 3671
2 2 1089 2537
1 2 1089 3671
2 2 1090 1091
2 2 1090 1092
2 2 1091 1093
2 2 1091 7226
2 2 1092 1816
2 2 1092 6626
2 2 1094 3482
1 2 1094 4569
2 2 1094 7600
2 2 1094 7605
2 2 1095 1097
1 2 1095 1098
2 2 1096 1097
2 2 1097 1098
2 2 1097 2507
2 2 1097 2508
2 2 1097 5965
2 2 1097 5966
2 2 1097 5968
1 2 1100 1993
2 2 1100 6857
1 2 1100 6992
2 2 1105 1107
2 2 1105 2390
2 2 1107 4318
2 2 1110 1119
2 2 1110 2538
2 2 1112 1113
2 2 1112 2742
2 2 1113 3463
2 2 1113 3465
2 2 1127 1129
2 2 1127 6801
2 2 1128 1129
2 2 1128 4679
2 2 1128 5622
2 2 1131 1133
2 2 1131 1134
2 2 1131 6531
2 2 1131 6534
2 2 1133 1136
2 2 1134 6240
2 2 1136 4040
2 2 1138 1141
2 2 1138 6699
2 2 1139 1142
2 2 1140 1141
2 2 1141 1143
2 2 1142 6831
2 2 1143 1145
2 2 1143 2473
1 2 1145 1708
2 2 1147 3885
2 2 1147 4738
2 2 1151 1156
2 2 1151 1157
2 2 1153 1156
2 2 1153 7891
2 2 1159 1161
2 2 1159 4971
2 2 1161 1163
2 2 1161 1164
2 2 1161 1166
2 2 1162 1165
1 2 1162 3769
2 2 1163 5639
2 2 1163 5640
2 2 1164 1168
2 2 1165 1166
2 2 1168 5641
2 2 1171 1173
2 2 1173 7256
2 2 1174 1177
2 2 1174 1179
2 2 1176 1179
2 2 1176 1994
2 2 1177 6039
2 2 1180 1184
1 2 1180 1186
2 2 1180 6026
2 2 1182 1183
2 2 1183 1184
2 2 1186 4877
2 2 1186 6026
2 2 1187 1189
2 2 1187 7910
2 2 1189 6833
2 2 1191 1195
2 2 1191 7955
2 2 1195 7958
2 2 1196 1203
2 2 1196 7053
2 2 1197 1202
2 2 1197 1203
2 2 1199 1205
2 2 1199 1208
2 2 1199 1209
2 2 1201 1204
2 2 1201 1208
2 2 1202 1209
2 2 1203 3307
2 2 1203 3312
2 2 1204 7052
2 2 1205 6799
2 2 1208 5765
2 2 1212 5486
2 2 1212 7360
2 2 1216 3982
1 2 1216 4759
2 2 1225 1300
2 2 1225 7169
2 2 1226 1228
2 2 1228 1300
2 2 1230 1232
2 2 1230 4179
2 2 1233 1234
2 2 1234 1236
2 2 1234 3496
1 2 1236 3288
2 2 1237 4833
2 2 1237 8078
2 2 1238 7703
2 2 1240 1242
2 2 1240 2946
2 2 1242 3264
2 2 1243 1245
2 2 1243 1247
2 2 1245 3833
2 2 1247 7730
1 2 1247 7738
2 2 1250 7738
2 2 1253 1254
2 2 1253 3877
2 2 1254 4012
2 2 1257 1258
2 2 1257 6977
2 2 1258 3397
2 2 1269 6390
2 2 1276 1278
2 2 1276 1282
2 2 1278 1283
2 2 1282 5072
2 2 1283 3073
2 2 1283 7302
2 2 1291 1293
2 2 1291 1295
2 2 1292 1293
2 2 1293 1294
2 2 1294 1750
2 2 1295 4173
1 2 1300 1302
2 2 1300 1305
2 2 1302 7169
1 2 1303 1305
2 2 1303 7314
2 2 1306 1315
2 2 1306 6309
2 2 1308 7036
2 2 1309 1312
2 2 1311 3965
2 2 1311 4383
2 2 1312 1315
2 2 1312 7035
2 2 1326 1328
2 2 1326 6324
2 2 1327 1328
2 2 1327 4997
2 2 1327 6381
2 2 1335 1341
2 2 1335 4445
2 2 1337 1343
2 2 1337 1345
2 2 1338 1341
2 2 1338 1345
2 2 1347 1352
2 2 1348 1356
2 2 1348 1358
1 2 1349 1355
2 2 1349 1358
1 2 1349 1359
2 2 1352 1359
2 2 1352 5443
2 2 1355 6029
1 2 1355 6034
2 2 1358 5443
2 2 1365 5319
2 2 1365 7882
2 2 1375 1376
2 2 1376 7949
2 2 1377 2820
2 2 1377 3231
2 2 1378 6526
2 2 1379 1381
2 2 1380 1381
2 2 1380 5524
2 2 1380 6526
2 2 1383 2369
2 2 1383 3390
2 2 1385 1388
2 2 1385 5967
2 2 1385 7288
2 2 1391 1392
2 2 1391 1394
2 2 1392 5698
2 2 1406 1411
2 2 1406 4937
2 2 1409 4119
2 2 1415 1416
2 2 1419 1420
2 2 1419 1852
1 2 1419 1854
2 2 1419 5741
2 2 1420 4503
2 2 1420 5740
1 2 1421 1851
2 2 1421 5741
2 2 1422 1424
2 2 1422 7469
2 2 1423 1424
2 2 1424 3927
2 2 1425 1427
2 2 1425 3574
2 2 1427 1429
2 2 1429 1433
1 2 1429 7464
2 2 1433 6490
2 2 1435 1436
2 2 1437 6928
2 2 1438 5187
2 2 1438 7931
2 2 1438 7932
2 2 1440 1444
1 2 1440 1450
1 2 1440 4066
2 2 1443 1444
2 2 1443 1446
2 2 1443 1449
2 2 1444 1450
2 2 1449 4066
1 2 1450 6425
2 2 1456 1457
2 2 1456 5147
2 2 1457 5146
2 2 1463 5475
2 2 1463 7247
1 2 1466 1467
2 2 1466 1473
2 2 1466 7578
2 2 1467 1470
1 2 1467 1473
2 2 1467 1474
2 2 1467 7578
2 2 1470 7979
1 2 1471 1474
2 2 1471 3103
2 2 1471 7578
2 2 1472 1473
2 2 1472 5661
2 2 1474 5022
2 2 1488 4416
2 2 1489 1491
1 2 1489 1492
2 2 1489 4419
2 2 1492 4416
2 2 1502 1504
2 2 1502 1505
1 2 1502 2496
1 2 1503 1504
2 2 1503 1505
1 2 1504 2496
2 2 1505 4519
2 2 1509 1513
2 2 1509 1514
2 2 1509 4669
2 2 1509 4672
2 2 1511 5648
2 2 1511 7161
2 2 1513 4555
2 2 1514 3849
2 2 1515 1520
2 2 1516 1519
2 2 1517 1519
2 2 1517 2578
1 2 1520 2213
2 2 1520 6844
2 2 1521 4730
2 2 1521 6845
2 2 1522 1527
2 2 1524 1527
1 2 1524 3857
2 2 1525 1526
2 2 1525 1527
2 2 1526 7679
2 2 1527 1875
2 2 1527 3857
2 2 1539 1548
2 2 1539 1550
2 2 1540 1544
2 2 1541 1546
2 2 1541 7427
2 2 1543 1546
2 2 1543 7653
2 2 1544 1546
2 2 1544 7426
2 2 1548 4173
2 2 1553 1561
2 2 1553 6296
2 2 1558 1561
2 2 1558 1564
2 2 1560 1564
2 2 1560 2604
2 2 1565 1567
2 2 1565 1570
2 2 1566 1570
1 2 1566 7436
2 2 1567 1796
2 2 1567 6681
2 2 1572 4938
1 2 1572 7436
2 2 1573 1574
2 2 1573 1581
1 2 1573 1583
2 2 1574 1578
2 2 1574 1583
2 2 1575 1578
2 2 1575 1580
1 2 1575 2314
1 2 1575 3725
1 2 1580 6206
2 2 1581 7366
2 2 1583 6893
2 2 1586 1588
2 2 1586 3261
2 2 1588 1589
2 2 1589 2464
2 2 1599 1605
2 2 1599 5807
2 2 1600 1602
2 2 1600 5056
1 2 1605 4465
2 2 1613 1614
2 2 1613 5247
1 2 1613 7676
2 2 1614 2521
1 2 1614 5243
2 2 1638 1642
2 2 1638 1768
2 2 1639 1640
2 2 1639 1642
2 2 1639 7221
2 2 1640 7222
1 2 1640 7848
2 2 1646 1647
2 2 1646 1649
1 2 1647 1648
2 2 1647 1650
2 2 1647 7224
2 2 1648 6204
2 2 1648 7224
2 2 1649 6624
2 2 1650 7628
2 2 1652 3627
2 2 1660 1664
2 2 1660 6459
2 2 1661 1664
2 2 1661 7833
1 2 1669 2377
2 2 1669 2919
2 2 1669 8073
2 2 1670 1674
2 2 1670 6591
2 2 1671 5462
2 2 1674 2050
1 2 1674 2980
2 2 1684 1693
2 2 1685 1686
2 2 1685 1687
2 2 1685 1689
2 2 1685 1693
2 2 1686 1691
1 2 1686 1694
2 2 1687 1694
2 2 1689 7074
2 2 1697 1699
2 2 1697 6158
2 2 1699 4750
2 2 1704 3554
2 2 1706 1710
2 2 1706 1711
2 2 1708 1711
2 2 1710 6614
2 2 1720 1722
2 2 1720 7918
2 2 1722 4409
2 2 1726 2931
2 2 1726 3669
2 2 1728 4941
1 2 1731 5316
2 2 1731 7580
1 2 1732 2669
2 2 1732 2805
1 2 1734 5230
1 2 1734 5960
2 2 1735 1736
2 2 1735 2600
2 2 1735 6653
2 2 1736 1740
2 2 1737 1740
2 2 1737 1745
2 2 1738 1743
1 2 1738 2935
2 2 1739 1743
2 2 1739 1745
2 2 1746 1750
2 2 1746 1754
2 2 1755 1757
2 2 1755 2345
2 2 1756 2244
1 2 1756 5267
2 2 1757 1759
2 2 1759 2244
1 2 1760 1765
2 2 1760 5316
2 2 1760 7610
2 2 1761 1765
2 2 1761 1766
2 2 1761 4854
2 2 1763 5710
2 2 1764 5316
2 2 1764 5727
2 2 1766 5717
2 2 1768 1769
2 2 1768 6998
2 2 1769 1772
2 2 1769 5790
2 2 1770 1772
2 2 1774 1781
2 2 1774 1782
2 2 1776 1778
2 2 1776 6770
2 2 1778 3068
2 2 1781 3143
2 2 1781 6403
2 2 1782 5369
2 2 1785 2182
2 2 1785 5640
2 2 1786 4969
2 2 1786 7568
2 2 1788 6995
2 2 1788 7364
2 2 1795 1796
1 2 1795 1800
2 2 1796 1799
2 2 1797 1799
2 2 1797 1800
2 2 1799 7078
2 2 1799 7082
2 2 1802 1805
2 2 1802 7234
2 2 1803 6238
2 2 1803 6432
2 2 1804 1805
1 2 1804 3841
2 2 1805 3794
1 2 1807 1809
2 2 1807 5813
2 2 1808 1809
2 2 1808 4424
2 2 1809 2445
2 2 1815 6420
2 2 1815 6421
2 2 1816 8031
2 2 1818 4871
2 2 1818 6269
2 2 1821 1824
2 2 1821 1829
2 2 1821 3776
2 2 1822 1829
2 2 1822 4732
2 2 1824 2271
2 2 1824 4709
2 2 1824 4710
2 2 1829 3772
2 2 1833 1836
2 2 1833 2434
1 2 1842 1844
2 2 1842 1846
2 2 1842 7883
2 2 1843 1846
2 2 1844 1846
2 2 1844 2560
2 2 1846 5155
1 2 1848 3188
2 2 1850 1851
2 2 1850 1854
2 2 1851 3864
2 2 1851 5739
2 2 1852 1854
2 2 1852 1855
2 2 1868 2127
2 2 1868 3114
1 2 1871 2510
2 2 1871 3461
2 2 1875 5923
2 2 1876 7615
1 2 1876 7616
2 2 1877 5844
2 2 1882 2189
2 2 1886 1887
2 2 1886 6996
2 2 1887 4924
2 2 1901 1903
2 2 1901 1904
2 2 1901 1905
2 2 1903 7260
2 2 1904 3921
1 2 1904 7523
2 2 1907 2639
2 2 1907 2967
2 2 1907 7348
2 2 1910 7348
2 2 1911 3635
1 2 1911 3636
1 2 1911 3942
2 2 1911 7624
2 2 1924 6918
2 2 1933 1939
2 2 1933 1940
2 2 1935 1939
2 2 1935 7495
2 2 1937 1939
2 2 1937 7498
2 2 1940 7817
2 2 1943 1944
2 2 1943 4923
2 2 1947 3120
2 2 1948 1949
2 2 1948 7037
2 2 1949 3120
2 2 1952 5561
2 2 1954 5335
2 2 1954 6592
2 2 1955 1962
2 2 1957 1958
1 2 1957 7844
2 2 1958 1960
2 2 1962 3813
2 2 1984 3708
2 2 1984 4622
2 2 1987 1989
2 2 1989 6140
2 2 1991 1993
2 2 1991 1994
2 2 1991 7826
2 2 1996 2001
2 2 1996 2002
2 2 1997 2005
2 2 1997 2006
2 2 1998 2000
2 2 1998 2005
2 2 1998 3604
2 2 2000 3601
2 2 2001 3294
2 2 2001 3387
2 2 2002 2005
2 2 2009 2012
2 2 2009 2013
2 2 2009 6677
2 2 2010 2012
2 2 2010 2358
2 2 2011 2013
2 2 2011 5771
2 2 2015 2018
2 2 2017 2018
2 2 2017 5520
2 2 2018 2680
2 2 2025 2028
2 2 2025 2029
2 2 2026 2033
2 2 2026 3736
2 2 2027 2032
1 2 2027 2037
2 2 2027 3075
2 2 2028 2035
2 2 2029 3074
2 2 2032 2035
2 2 2032 2037
2 2 2035 6294
1 2 2040 6890
2 2 2041 2048
2 2 2041 4222
2 2 2042 2565
2 2 2044 2048
1 2 2044 2943
1 2 2048 3194
2 2 2050 2053
2 2 2052 2058
2 2 2052 5459
2 2 2053 2057
2 2 2053 2058
2 2 2057 5462
2 2 2060 4707
2 2 2060 6727
2 2 2061 2062
2 2 2061 7712
1 2 2062 2065
2 2 2064 6727
2 2 2065 5826
2 2 2067 2069
2 2 2067 2077
2 2 2067 2240
2 2 2070 5109
2 2 2072 2077
2 2 2072 2244
2 2 2087 2091
2 2 2087 4048
2 2 2087 6500
2 2 2089 2091
2 2 2089 7283
2 2 2091 3333
2 2 2093 5605
2 2 2104 2111
1 2 2104 4540
1 2 2104 6527
2 2 2105 2108
2 2 2105 2110
2 2 2105 2111
2 2 2105 2112
2 2 2107 2113
1 2 2108 6527
2 2 2110 2113
2 2 2113 6646
2 2 2115 6377
2 2 2116 6459
2 2 2116 7394
2 2 2116 7446
2 2 2119 3986
2 2 2119 5486
2 2 2120 2360
2 2 2122 7349
2 2 2123 3801
2 2 2123 7349
2 2 2124 2125
2 2 2124 3803
1 2 2124 4236
2 2 2125 3806
2 2 2125 4236
2 2 2125 7822
2 2 2127 3525
2 2 2129 6900
2 2 2140 3618
2 2 2140 4045
2 2 2141 2142
2 2 2141 5993
2 2 2142 2150
2 2 2146 5996
2 2 2150 3284
2 2 2158 2159
1 2 2158 3089
2 2 2159 3092
1 2 2159 3823
2 2 2170 3154
2 2 2170 4967
1 2 2172 2173
2 2 2172 2175
2 2 2172 2180
1 2 2172 3763
2 2 2173 2175
2 2 2173 2177
2 2 2174 2175
2 2 2174 3776
1 2 2177 2272
2 2 2181 7449
2 2 2187 6364
2 2 2189 2190
1 2 2189 5322
2 2 2190 2191
1 2 2190 3240
2 2 2191 3241
2 2 2192 2194
2 2 2192 5874
2 2 2193 2197
2 2 2193 2198
2 2 2194 2198
2 2 2197 7159
2 2 2199 2228
2 2 2199 2230
2 2 2202 2208
2 2 2202 2221
2 2 2204 2221
2 2 2208 2565
2 2 2212 2230
2 2 2213 2228
2 2 2217 2218
2 2 2217 2230
2 2 2218 3554
2 2 2226 2565
2 2 2234 4230
2 2 2239 2244
2 2 2240 2243
2 2 2240 5112
2 2 2241 2243
1 2 2241 3029
2 2 2241 7915
2 2 2246 2247
2 2 2246 3108
2 2 2247 2248
2 2 2248 2448
2 2 2254 2256
2 2 2254 2257
2 2 2256 6211
2 2 2257 3307
2 2 2260 2262
2 2 2261 2262
2 2 2261 2264
2 2 2262 3693
2 2 2263 2264
2 2 2263 4760
1 2 2264 2265
2 2 2266 2267
2 2 2266 2270
2 2 2267 2272
2 2 2267 2275
2 2 2271 2275
1 2 2286 2288
2 2 2286 2289
2 2 2291 6914
2 2 2292 2294
1 2 2293 6569
2 2 2293 6576
1 2 2294 2295
2 2 2294 2656
2 2 2295 4804
2 2 2298 2301
2 2 2298 2302
2 2 2298 5679
2 2 2300 2301
1 2 2300 2303
2 2 2301 2303
2 2 2302 3665
2 2 2303 3667
2 2 2304 2307
2 2 2304 3968
2 2 2305 2307
2 2 2305 2621
2 2 2307 5825
2 2 2309 2312
2 2 2312 2314
2 2 2314 6203
2 2 2341 4044
2 2 2341 4045
2 2 2342 3267
2 2 2342 4045
2 2 2343 2346
2 2 2344 2346
2 2 2344 2942
2 2 2346 2941
2 2 2348 2355
2 2 2348 2358
2 2 2348 3110
2 2 2355 7358
2 2 2360 2367
2 2 2360 3987
2 2 2360 3989
2 2 2363 2364
2 2 2363 2368
2 2 2363 3521
1 2 2363 5272
1 2 2364 7349
2 2 2367 2368
2 2 2369 6528
1 2 2371 4548
1 2 2371 6527
2 2 2371 6528
2 2 2371 7650
2 2 2372 2373
2 2 2373 2375
2 2 2373 5700
2 2 2375 5389
2 2 2377 2921
2 2 2377 8075
2 2 2384 3363
2 2 2384 8074
2 2 2390 6498
2 2 2391 2392
2 2 2391 4096
2 2 2392 6725
2 2 2392 7888
2 2 2393 2398
2 2 2397 2398
2 2 2397 2400
1 2 2398 3171
2 2 2398 6680
2 2 2404 7830
2 2 2407 6928
2 2 2408 2409
2 2 2408 3528
2 2 2408 6645
2 2 2408 6650
1 2 2409 3528
2 2 2410 5305
2 2 2410 7510
1 2 2411 5620
2 2 2411 6023
2 2 2413 2415
2 2 2413 2416
2 2 2415 2418
2 2 2415 6927
2 2 2416 7337
2 2 2419 2424
2 2 2419 7207
2 2 2421 2424
2 2 2422 5575
2 2 2423 5572
2 2 2434 2435
2 2 2434 2436
2 2 2434 8058
2 2 2436 3593
2 2 2440 2446
2 2 2440 2904
2 2 2441 2444
2 2 2441 2446
2 2 2444 2445
2 2 2448 2450
2 2 2450 2452
2 2 2450 4677
2 2 2452 7988
2 2 2454 2457
2 2 2454 2460
2 2 2454 6421
1 2 2455 2457
2 2 2455 6421
2 2 2457 2462
2 2 2458 2460
2 2 2458 3503
2 2 2462 3836
2 2 2464 2466
2 2 2465 3827
1 2 2465 6507
1 2 2466 7831
2 2 2469 2472
2 2 2469 2476
2 2 2470 2473
2 2 2471 2476
2 2 2471 7161
2 2 2472 6467
2 2 2473 2476
2 2 2479 2486
2 2 2482 2483
2 2 2482 5152
2 2 2483 2485
2 2 2485 2486
2 2 2490 2917
2 2 2491 5263
2 2 2492 2958
2 2 2493 2958
1 2 2493 5261
2 2 2494 6263
2 2 2495 4527
2 2 2495 6263
2 2 2496 4527
2 2 2499 2750
2 2 2499 7375
2 2 2500 7375
2 2 2502 2504
2 2 2502 2505
2 2 2503 2505
2 2 2504 3314
2 2 2505 6462
2 2 2505 6464
2 2 2506 5303
2 2 2510 2511
2 2 2510 7447
2 2 2511 2512
2 2 2526 5662
2 2 2526 7876
2 2 2527 2529
2 2 2527 7878
2 2 2529 7979
2 2 2531 2532
2 2 2532 2534
2 2 2534 3285
2 2 2536 2537
2 2 2536 2551
2 2 2536 6405
2 2 2536 6407
2 2 2536 7224
1 2 2537 4802
2 2 2538 2544
2 2 2544 2740
2 2 2545 2547
2 2 2545 3483
2 2 2545 7602
1 2 2546 2547
2 2 2546 2548
1 2 2546 4758
1 2 2547 7602
2 2 2548 3484
2 2 2551 3670
2 2 2551 4802
2 2 2553 3665
2 2 2553 6857
2 2 2563 2564
2 2 2563 4487
2 2 2563 7045
2 2 2564 7278
2 2 2565 2566
2 2 2565 4225
2 2 2565 4600
2 2 2565 6322
2 2 2566 2916
2 2 2566 2918
2 2 2569 7428
2 2 2578 2580
2 2 2579 2580
2 2 2581 2583
2 2 2581 6968
2 2 2582 4372
2 2 2582 4373
2 2 2583 3973
2 2 2583 4373
2 2 2583 6970
2 2 2585 2586
1 2 2586 3420
2 2 2589 2590
2 2 2589 3211
1 2 2590 2591
2 2 2591 7325
2 2 2592 7507
1 2 2592 7508
2 2 2595 2596
2 2 2595 7156
2 2 2596 6614
2 2 2597 2599
2 2 2597 2753
2 2 2598 2599
2 2 2598 7171
2 2 2599 7555
2 2 2600 3441
2 2 2600 4644
2 2 2611 2613
2 2 2611 2617
2 2 2617 5650
2 2 2620 2624
1 2 2620 2625
1 2 2620 4398
2 2 2621 2623
2 2 2621 6749
2 2 2622 2623
2 2 2622 2624
2 2 2622 2626
2 2 2622 4703
2 2 2624 4398
2 2 2625 2626
1 2 2625 6749
2 2 2635 2636
1 2 2635 7347
2 2 2636 2639
2 2 2636 2642
2 2 2642 4888
2 2 2654 2838
2 2 2654 6420
2 2 2655 7888
2 2 2655 7978
2 2 2656 7888
2 2 2661 2663
2 2 2661 2664
2 2 2661 2665
2 2 2661 2666
2 2 2663 5763
2 2 2663 5802
2 2 2664 2902
2 2 2664 5801
2 2 2665 2786
1 2 2665 5763
2 2 2666 7493
1 2 2667 2668
2 2 2667 4725
1 2 2667 4726
2 2 2669 2805
1 2 2674 2675
2 2 2674 6897
1 2 2675 2677
2 2 2675 2679
2 2 2676 2679
2 2 2676 7314
2 2 2677 6897
2 2 2677 6914
2 2 2680 3859
2 2 2692 2696
2 2 2692 7987
2 2 2696 3747
2 2 2697 2698
2 2 2697 2917
2 2 2697 6595
2 2 2699 2700
2 2 2699 4690
2 2 2707 7372
2 2 2714 2716
2 2 2714 4865
1 2 2716 4592
2 2 2717 2718
2 2 2717 2719
2 2 2717 2722
1 2 2717 5425
2 2 2718 2721
1 2 2719 5425
1 2 2719 6787
2 2 2721 4412
2 2 2724 2726
2 2 2724 2777
2 2 2726 2727
2 2 2727 3366
2 2 2731 2732
1 2 2731 2736
2 2 2731 2738
2 2 2731 7134
2 2 2732 2736
2 2 2732 6978
2 2 2737 4641
2 2 2740 2744
2 2 2743 3992
1 2 2743 4132
2 2 2746 3992
2 2 2750 2751
1 2 2751 7030
2 2 2753 6459
2 2 2757 2758
2 2 2757 2763
2 2 2757 4368
1 2 2757 4370
2 2 2758 2759
2 2 2758 2760
2 2 2758 2761
2 2 2759 2874
2 2 2760 2872
1 2 2761 4065
2 2 2762 2763
2 2 2764 4751
2 2 2764 6291
2 2 2765 3674
2 2 2765 6157
2 2 2769 2771
2 2 2769 3652
2 2 2771 2780
2 2 2772 2779
2 2 2772 2780
2 2 2777 4212
2 2 2780 7528
2 2 2784 2786
2 2 2784 2788
2 2 2785 5472
2 2 2785 5762
2 2 2786 7670
1 2 2788 5762
2 2 2791 2794
2 2 2791 4263
2 2 2791 4264
2 2 2794 4611
2 2 2802 3628
2 2 2802 3630
2 2 2804 2807
2 2 2804 7617
2 2 2805 2806
2 2 2805 2807
2 2 2805 2810
2 2 2805 2811
2 2 2810 3544
2 2 2814 2817
2 2 2814 4267
2 2 2815 4265
1 2 2818 2819
2 2 2818 2822
2 2 2818 7114
2 2 2819 2820
1 2 2819 6685
1 2 2820 2821
2 2 2820 2822
2 2 2820 3237
2 2 2821 3232
1 2 2821 6692
2 2 2822 7116
2 2 2823 2824
2 2 2824 2827
2 2 2827 3408
1 2 2827 3410
2 2 2832 2834
1 2 2832 2836
2 2 2834 3510
2 2 2838 2840
2 2 2851 2852
2 2 2851 4323
2 2 2871 6968
2 2 2873 2874
1 2 2873 8057
1 2 2873 8059
2 2 2876 2879
2 2 2876 6486
2 2 2877 2879
2 2 2877 6993
2 2 2880 3539
2 2 2880 7244
1 2 2883 2885
2 2 2883 5197
2 2 2884 2885
2 2 2884 2886
2 2 2884 7308
1 2 2886 5195
2 2 2902 2906
2 2 2903 2904
2 2 2903 2906
2 2 2909 5277
2 2 2909 7080
2 2 2911 3458
2 2 2911 7712
2 2 2913 2915
2 2 2913 7558
1 2 2915 7692
2 2 2916 5260
2 2 2917 2918
2 2 2917 5263
1 2 2919 2921
2 2 2919 7442
2 2 2924 2926
1 2 2924 2927
1 2 2924 7146
2 2 2926 2927
2 2 2926 2930
2 2 2926 2931
1 2 2927 2928
2 2 2928 3856
2 2 2930 3432
2 2 2930 7142
2 2 2930 7146
2 2 2931 3855
2 2 2932 2934
1 2 2932 6408
1 2 2933 2934
2 2 2933 3567
2 2 2933 5140
2 2 2933 6408
2 2 2934 5140
2 2 2934 5270
2 2 2934 5271
2 2 2935 5604
2 2 2936 2938
2 2 2938 7139
2 2 2939 7864
2 2 2941 2943
2 2 2942 5267
1 2 2945 2948
2 2 2945 7049
2 2 2946 2947
2 2 2947 7049
2 2 2950 2954
2 2 2950 2963
2 2 2951 2963
2 2 2951 5255
2 2 2954 2958
1 2 2954 5261
2 2 2964 2967
2 2 2964 7242
2 2 2966 2967
2 2 2966 5633
2 2 2970 4134
1 2 2970 8027
2 2 2971 3501
1 2 2971 3608
2 2 2976 2977
2 2 2976 2980
2 2 2977 3411
2 2 2982 6373
2 2 2983 2984
2 2 2983 5100
2 2 2983 5894
2 2 2983 6672
1 2 2984 5100
2 2 2985 3804
2 2 2985 3806
2 2 2997 5800
2 2 2997 7035
2 2 2998 2999
2 2 2998 6277
1 2 2998 6716
2 2 2999 5859
2 2 2999 6257
2 2 3000 3239
2 2 3020 3022
2 2 3020 3029
2 2 3020 5841
2 2 3020 7595
2 2 3021 7595
2 2 3022 3030
2 2 3024 3026
2 2 3024 3030
2 2 3026 6016
2 2 3032 3035
2 2 3035 5333
2 2 3038 3041
2 2 3038 4823
2 2 3040 3048
1 2 3041 3048
2 2 3041 3050
2 2 3043 3050
2 2 3043 7758
2 2 3048 4823
2 2 3054 4868
2 2 3054 7179
2 2 3054 7204
2 2 3058 7382
2 2 3058 7383
2 2 3066 3067
2 2 3067 6770
2 2 3068 5380
2 2 3070 3073
2 2 3070 3476
2 2 3074 3076
2 2 3075 3077
2 2 3077 5302
2 2 3089 3091
2 2 3089 6661
1 2 3091 3092
2 2 3091 5835
1 2 3092 3823
2 2 3092 5835
2 2 3094 3102
2 2 3094 3103
2 2 3099 3105
1 2 3099 3554
2 2 3102 3105
2 2 3105 3554
2 2 3108 3110
2 2 3114 3115
2 2 3120 3121
2 2 3130 6504
2 2 3131 4258
2 2 3131 6495
2 2 3132 3135
2 2 3132 7876
2 2 3133 4220
2 2 3134 3136
2 2 3136 7878
2 2 3137 4220
2 2 3142 3146
2 2 3142 3147
1 2 3142 3148
2 2 3143 3146
2 2 3146 3148
2 2 3147 5611
2 2 3154 3158
2 2 3154 4958
2 2 3155 3159
2 2 3155 5802
2 2 3157 3158
2 2 3157 5762
2 2 3157 5763
2 2 3159 6932
2 2 3160 3163
1 2 3160 3167
2 2 3161 3164
2 2 3162 3163
2 2 3162 3164
2 2 3162 3165
2 2 3164 7229
2 2 3166 3169
2 2 3166 6354
2 2 3167 6155
2 2 3168 3169
2 2 3168 6153
2 2 3173 3175
2 2 3174 3175
2 2 3174 7031
2 2 3180 4041
2 2 3187 3188
1 2 3187 6144
2 2 3191 3193
2 2 3191 4592
2 2 3194 5267
2 2 3195 3196
1 2 3195 4637
2 2 3196 3199
2 2 3196 4637
2 2 3196 5777
2 2 3199 3201
2 2 3201 4838
2 2 3201 7964
2 2 3201 7966
2 2 3211 3212
1 2 3211 3805
2 2 3211 6996
2 2 3212 3803
2 2 3212 7723
2 2 3221 3222
2 2 3221 3225
2 2 3223 7940
1 2 3225 3226
2 2 3225 5698
2 2 3226 5698
1 2 3230 3234
2 2 3230 3236
2 2 3231 3233
2 2 3232 3236
2 2 3233 3236
2 2 3233 5524
2 2 3234 5523
1 2 3234 6568
1 2 3234 6578
2 2 3238 3239
2 2 3238 3240
2 2 3238 3241
2 2 3238 4072
1 2 3239 3240
1 2 3239 4072
2 2 3240 5322
2 2 3241 4073
2 2 3246 4946
2 2 3250 3252
2 2 3251 4735
2 2 3252 6297
2 2 3260 3261
2 2 3260 3659
2 2 3261 3263
2 2 3272 3273
2 2 3272 5605
2 2 3273 3275
2 2 3273 7807
1 2 3274 7066
2 2 3274 7811
2 2 3277 3283
2 2 3277 3600
2 2 3285 3288
2 2 3286 3288
2 2 3286 3496
2 2 3289 7765
2 2 3290 5397
2 2 3292 5397
2 2 3293 3295
2 2 3293 3387
2 2 3294 3298
2 2 3295 3297
2 2 3295 7945
2 2 3296 3298
2 2 3296 3300
2 2 3296 7088
2 2 3297 7885
1 2 3297 7945
2 2 3300 7089
2 2 3304 3308
2 2 3306 3308
2 2 3306 3312
1 2 3314 3316
2 2 3316 6462
2 2 3318 3319
2 2 3318 5372
2 2 3319 3321
2 2 3319 3323
2 2 3320 3323
1 2 3320 3326
2 2 3320 8043
2 2 3321 3326
2 2 3321 6157
2 2 3322 3323
2 2 3322 3328
2 2 3328 5377
2 2 3333 3334
2 2 3337 4706
2 2 3337 4707
2 2 3345 3359
2 2 3345 3364
2 2 3349 3362
2 2 3349 3375
2 2 3352 3356
2 2 3352 3366
2 2 3352 6518
2 2 3354 3364
2 2 3354 3865
2 2 3359 3362
2 2 3363 3375
2 2 3377 6636
2 2 3377 6742
2 2 3389 3390
1 2 3389 7027
2 2 3390 3842
2 2 3392 7265
2 2 3393 3395
2 2 3393 7428
2 2 3394 6940
1 2 3394 7266
2 2 3395 7265
2 2 3397 5335
1 2 3401 3403
1 2 3401 3405
2 2 3402 3403
2 2 3402 5327
1 2 3402 5330
2 2 3405 6697
2 2 3407 3408
2 2 3407 3410
2 2 3407 8042
2 2 3407 8057
2 2 3407 8059
1 2 3408 3410
1 2 3409 3410
2 2 3409 8042
2 2 3411 7259
2 2 3414 3415
2 2 3415 3417
2 2 3415 3420
2 2 3416 3421
2 2 3416 4863
2 2 3420 3421
2 2 3421 6930
2 2 3436 3437
2 2 3436 6279
2 2 3437 3440
2 2 3440 5545
1 2 3441 5886
1 2 3441 5891
2 2 3443 5729
2 2 3443 6214
2 2 3448 3450
1 2 3448 5010
2 2 3448 6599
2 2 3449 3450
2 2 3449 4048
2 2 3450 7823
2 2 3453 3454
2 2 3453 3456
2 2 3453 3638
2 2 3454 3457
2 2 3456 5212
2 2 3458 3461
2 2 3462 3463
2 2 3471 3472
2 2 3471 6927
2 2 3472 4904
2 2 3474 3475
2 2 3474 3476
2 2 3475 6148
2 2 3482 3483
2 2 3482 4569
2 2 3483 3484
2 2 3486 3490
2 2 3490 5797
2 2 3491 4876
2 2 3491 4878
1 2 3501 3607
2 2 3503 3507
2 2 3504 3507
2 2 3504 3508
2 2 3507 3684
2 2 3508 4278
2 2 3509 3516
2 2 3509 6096
2 2 3510 3512
1 2 3510 3516
2 2 3512 3513
2 2 3512 3516
2 2 3512 3812
1 2 3513 3516
2 2 3518 3519
2 2 3518 6408
2 2 3519 3523
2 2 3521 6408
2 2 3525 5286
2 2 3528 3529
2 2 3529 3531
2 2 3531 4537
2 2 3532 3535
2 2 3532 7418
2 2 3534 3535
2 2 3534 7937
1 2 3538 3539
2 2 3538 7244
2 2 3541 3544
2 2 3542 3543
2 2 3542 3545
2 2 3543 5721
2 2 3553 7578
1 2 3565 3566
2 2 3565 6408
2 2 3566 5205
2 2 3566 7747
2 2 3566 7752
1 2 3567 5144
2 2 3568 3573
2 2 3568 3575
2 2 3570 3575
2 2 3570 6262
2 2 3573 3574
2 2 3573 6043
2 2 3575 5185
2 2 3575 6044
2 2 3586 3590
2 2 3586 3592
2 2 3587 3591
2 2 3589 3591
2 2 3589 3592
2 2 3590 4643
2 2 3593 3594
2 2 3593 6020
2 2 3594 7855
2 2 3600 3604
2 2 3607 3608
2 2 3614 3617
2 2 3614 6346
1 2 3617 5665
2 2 3627 3629
2 2 3627 7829
2 2 3628 5394
2 2 3629 3630
2 2 3631 3635
2 2 3631 7080
1 2 3632 3945
2 2 3632 7392
2 2 3636 3945
2 2 3637 5292
2 2 3638 5292
2 2 3640 4988
2 2 3645 3648
2 2 3645 3652
2 2 3648 4988
1 2 3648 4990
2 2 3657 5552
2 2 3657 7328
2 2 3659 3662
2 2 3659 3663
2 2 3659 6984
2 2 3661 3663
2 2 3661 7328
1 2 3663 6984
2 2 3664 4884
2 2 3664 4921
2 2 3664 7026
1 2 3665 3667
2 2 3667 6452
2 2 3668 3671
2 2 3668 4802
1 2 3669 3671
2 2 3669 3672
2 2 3670 3672
2 2 3673 7254
2 2 3681 3923
2 2 3681 7539
2 2 3693 3848
2 2 3694 3695
1 2 3694 7160
2 2 3695 7967
2 2 3708 5104
2 2 3712 3713
2 2 3712 5183
2 2 3713 3714
2 2 3713 4712
1 2 3713 7472
2 2 3714 7472
2 2 3714 7490
2 2 3734 5393
2 2 3735 3736
2 2 3739 3741
2 2 3739 4050
2 2 3740 3742
2 2 3740 5301
2 2 3741 3742
2 2 3747 5336
2 2 3750 3752
2 2 3750 7812
2 2 3750 7813
2 2 3752 6969
2 2 3753 3754
2 2 3753 3760
2 2 3760 4409
2 2 3763 3767
2 2 3763 3769
2 2 3766 3767
2 2 3766 3772
2 2 3785 3788
2 2 3785 7988
2 2 3791 3792
2 2 3791 4885
2 2 3791 6036
2 2 3791 6654
2 2 3792 5021
2 2 3794 3796
2 2 3798 3801
2 2 3798 7019
2 2 3801 4542
2 2 3804 3805
2 2 3805 6995
2 2 3809 3812
2 2 3809 3813
2 2 3816 3817
1 2 3816 3818
1 2 3817 3820
2 2 3817 5912
2 2 3818 3820
1 2 3818 6045
2 2 3818 6050
1 2 3822 3823
2 2 3822 7258
2 2 3822 7262
2 2 3823 7258
2 2 3824 3826
2 2 3824 8080
2 2 3825 3826
1 2 3825 3882
2 2 3826 4077
2 2 3827 3828
2 2 3828 3832
2 2 3828 6507
2 2 3829 3832
2 2 3829 3833
2 2 3841 3842
2 2 3848 3850
2 2 3848 3852
2 2 3848 3854
2 2 3849 3854
2 2 3850 7163
2 2 3852 7160
2 2 3855 3856
2 2 3856 6066
2 2 3857 5915
1 2 3857 5923
2 2 3859 5211
1 2 3865 3866
2 2 3866 4074
2 2 3867 4072
1 2 3871 3872
2 2 3871 6439
2 2 3872 6442
2 2 3872 7506
2 2 3877 3878
1 2 3877 3882
2 2 3877 4013
2 2 3878 3882
2 2 3878 6919
2 2 3883 3888
2 2 3883 3927
2 2 3885 3886
2 2 3886 3888
2 2 3891 3894
2 2 3891 7358
2 2 3892 3894
2 2 3892 7292
2 2 3893 7286
2 2 3893 7292
2 2 3897 3899
2 2 3897 7212
2 2 3899 7241
2 2 3900 3902
2 2 3900 7248
1 2 3902 7438
2 2 3916 3917
2 2 3916 3923
1 2 3917 3920
2 2 3917 3921
2 2 3918 3920
2 2 3918 7523
2 2 3925 5877
2 2 3926 3927
1 2 3931 6336
2 2 3937 3939
2 2 3937 4315
2 2 3937 7615
2 2 3939 4736
2 2 3941 5957
2 2 3941 6354
2 2 3942 3946
2 2 3944 4217
2 2 3944 7393
2 2 3944 7394
2 2 3945 3946
2 2 3946 7394
1 2 3965 4386
2 2 3965 6266
2 2 3966 4384
2 2 3966 6078
2 2 3968 3970
2 2 3971 3972
2 2 3972 4410
1 2 3973 3974
2 2 3974 3981
1 2 3975 3976
2 2 3975 3979
2 2 3975 8020
2 2 3976 6970
2 2 3979 3980
2 2 3980 3981
2 2 3981 5552
2 2 3986 3987
2 2 3988 3990
2 2 3988 5325
2 2 3988 5488
2 2 3989 3990
2 2 3994 3996
2 2 3994 7443
2 2 3995 3996
2 2 3995 4210
2 2 3995 7167
2 2 3998 4474
1 2 4012 4016
2 2 4013 4016
2 2 4014 7927
2 2 4024 4027
2 2 4024 7658
2 2 4027 8063
2 2 4031 4032
2 2 4031 4668
1 2 4032 7345
2 2 4040 4042
2 2 4041 4042
2 2 4050 4056
2 2 4052 4056
2 2 4052 4998
2 2 4055 4057
2 2 4055 7246
2 2 4056 4057
2 2 4060 4061
2 2 4060 7813
2 2 4061 5005
2 2 4064 4065
2 2 4064 4066
1 2 4064 6427
2 2 4068 4069
1 2 4069 4577
1 2 4069 4578
1 2 4069 4580
2 2 4073 4076
2 2 4073 4525
2 2 4074 4076
1 2 4077 4228
2 2 4077 7655
1 2 4086 5536
2 2 4095 5688
2 2 4095 7888
2 2 4096 5693
2 2 4102 6158
2 2 4104 5336
2 2 4104 5337
2 2 4109 7631
2 2 4109 7652
2 2 4115 8044
2 2 4115 8055
2 2 4119 4120
2 2 4120 6860
2 2 4121 4122
1 2 4121 5895
2 2 4121 7216
2 2 4122 5432
2 2 4123 4126
2 2 4124 4126
2 2 4124 4127
1 2 4124 6375
2 2 4126 6370
2 2 4131 4132
2 2 4131 8064
2 2 4134 6006
2 2 4134 6008
2 2 4134 8027
2 2 4139 6039
2 2 4139 7284
2 2 4142 4143
2 2 4142 5939
2 2 4143 6681
2 2 4144 5212
2 2 4147 5664
2 2 4148 5872
2 2 4159 4165
2 2 4160 4161
2 2 4160 4165
2 2 4161 7893
2 2 4165 7383
2 2 4174 4299
2 2 4174 4702
2 2 4179 6918
2 2 4179 7551
2 2 4181 4192
2 2 4196 4202
2 2 4196 4203
2 2 4203 5001
2 2 4203 6912
2 2 4205 5002
1 2 4205 6338
2 2 4207 4210
2 2 4207 4214
2 2 4208 4212
2 2 4208 4214
2 2 4216 4217
2 2 4218 4227
2 2 4218 4598
2 2 4220 4227
2 2 4222 4227
1 2 4225 4600
2 2 4228 7654
2 2 4229 7680
2 2 4229 7927
2 2 4230 5939
2 2 4249 4250
2 2 4250 7638
2 2 4251 6536
2 2 4257 6494
2 2 4257 6710
2 2 4258 4261
2 2 4259 4261
2 2 4264 6755
2 2 4265 4267
2 2 4266 4267
1 2 4266 4268
2 2 4267 4268
2 2 4275 4277
2 2 4275 4278
2 2 4277 7534
1 2 4280 4288
2 2 4280 6488
2 2 4280 7055
1 2 4281 7052
2 2 4281 7055
2 2 4285 4290
2 2 4285 6993
2 2 4286 4290
2 2 4286 6676
2 2 4288 6486
2 2 4295 4296
2 2 4295 4303
2 2 4296 4298
2 2 4296 4307
2 2 4298 4301
2 2 4299 4307
2 2 4301 7630
2 2 4302 4307
2 2 4303 4703
2 2 4311 4312
2 2 4311 5417
2 2 4311 7929
2 2 4312 7930
2 2 4313 7932
2 2 4318 4321
2 2 4320 4321
2 2 4320 7919
2 2 4323 4324
2 2 4323 6294
2 2 4324 6295
2 2 4326 4327
2 2 4326 5658
2 2 4327 4333
2 2 4333 7640
2 2 4343 4345
2 2 4343 5184
2 2 4344 6261
1 2 4345 6214
1 2 4345 7089
2 2 4346 4347
1 2 4346 4736
2 2 4346 4737
2 2 4367 4811
2 2 4367 7680
2 2 4368 4369
2 2 4368 4370
2 2 4369 7680
2 2 4372 4717
2 2 4372 5555
2 2 4381 4384
2 2 4381 4975
2 2 4382 4384
2 2 4383 4386
2 2 4383 4975
1 2 4395 4398
2 2 4399 4403
2 2 4399 6899
1 2 4400 4833
2 2 4400 8078
2 2 4412 6686
2 2 4412 6721
2 2 4415 4416
1 2 4415 4423
2 2 4416 4419
2 2 4417 4420
2 2 4419 4420
2 2 4419 4423
2 2 4424 4425
1 2 4425 4426
2 2 4425 8080
2 2 4426 4428
2 2 4428 5813
2 2 4440 4442
2 2 4440 4453
2 2 4442 5837
2 2 4445 4453
2 2 4455 4466
2 2 4455 4467
2 2 4457 4460
2 2 4460 4476
2 2 4461 4472
2 2 4461 4961
2 2 4465 4467
2 2 4466 4473
2 2 4467 4476
2 2 4468 4473
2 2 4468 4961
2 2 4472 4474
1 2 4479 4481
2 2 4481 6096
2 2 4482 5668
2 2 4484 4486
2 2 4484 4611
2 2 4486 7565
2 2 4486 7985
2 2 4487 6061
2 2 4501 4502
2 2 4502 4956
2 2 4503 4513
2 2 4513 7673
2 2 4519 4525
2 2 4537 4540
2 2 4540 4548
1 2 4540 6527
2 2 4542 4547
2 2 4542 7023
2 2 4544 4547
1 2 4544 7649
2 2 4550 4551
2 2 4550 4553
1 2 4551 7067
2 2 4555 4567
2 2 4560 4567
2 2 4571 4577
2 2 4573 4575
2 2 4573 4577
2 2 4573 4583
1 2 4573 7104
2 2 4574 4578
2 2 4574 6617
2 2 4575 7070
2 2 4578 4580
2 2 4580 4581
2 2 4581 6622
2 2 4583 6622
2 2 4588 4591
2 2 4588 7442
2 2 4589 4591
2 2 4591 6838
2 2 4592 4865
2 2 4596 4601
2 2 4596 4604
2 2 4597 4600
2 2 4597 4604
2 2 4598 4602
2 2 4601 4602
2 2 4601 5597
2 2 4607 5825
1 2 4609 4615
2 2 4609 4622
2 2 4610 4611
2 2 4610 4612
1 2 4610 5759
1 2 4612 4615
2 2 4617 4621
2 2 4617 6997
2 2 4618 4621
2 2 4618 4622
2 2 4621 6998
2 2 4625 5103
2 2 4636 4637
1 2 4636 5777
2 2 4641 4642
2 2 4643 4644
2 2 4644 6070
2 2 4646 4651
2 2 4646 4652
2 2 4646 6015
2 2 4648 4652
2 2 4648 6044
2 2 4649 4651
2 2 4649 7233
2 2 4668 4671
2 2 4669 4673
2 2 4670 4671
2 2 4670 4672
2 2 4671 5738
1 2 4672 4673
1 2 4677 4678
2 2 4678 4679
1 2 4678 5622
2 2 4679 4780
2 2 4683 4686
2 2 4683 6560
2 2 4683 7817
2 2 4686 7654
2 2 4688 4689
2 2 4688 4692
1 2 4688 4695
2 2 4688 5892
2 2 4688 6376
2 2 4689 4690
2 2 4689 7660
2 2 4692 4693
2 2 4692 5893
2 2 4693 4694
1 2 4693 5893
1 2 4695 4848
2 2 4695 6376
2 2 4696 4706
2 2 4698 4702
1 2 4698 5828
2 2 4716 4721
2 2 4716 7924
2 2 4717 4721
2 2 4718 4721
1 2 4723 5388
2 2 4723 6929
2 2 4725 4727
2 2 4726 4727
1 2 4727 4957
2 2 4727 7341
2 2 4729 4730
2 2 4729 4732
2 2 4735 4737
2 2 4736 4737
2 2 4739 4740
2 2 4739 4742
2 2 4740 4741
1 2 4740 4742
2 2 4740 7890
2 2 4741 7891
2 2 4742 7889
2 2 4743 7439
2 2 4743 7440
2 2 4746 4747
2 2 4746 6059
2 2 4747 5609
2 2 4748 4994
2 2 4748 5301
2 2 4748 5609
2 2 4749 4754
2 2 4749 5339
2 2 4750 4752
2 2 4751 4752
2 2 4754 6291
2 2 4755 4758
2 2 4756 4758
1 2 4758 4759
2 2 4761 4762
1 2 4762 7345
2 2 4772 4776
2 2 4773 4776
2 2 4773 4777
1 2 4774 4776
1 2 4774 7411
2 2 4781 4782
2 2 4781 8055
2 2 4782 6765
2 2 4804 4806
2 2 4806 6574
2 2 4811 4812
1 2 4812 5992
2 2 4817 4821
2 2 4817 4824
2 2 4818 4819
2 2 4818 4821
2 2 4819 4823
2 2 4824 4847
2 2 4825 5332
2 2 4825 5333
2 2 4830 4831
2 2 4830 7924
2 2 4831 6031
2 2 4833 4835
2 2 4833 4836
2 2 4834 4835
2 2 4834 6347
2 2 4837 4838
1 2 4837 5777
2 2 4840 4841
1 2 4840 5776
2 2 4840 7277
2 2 4841 7274
2 2 4842 4844
2 2 4842 4845
2 2 4844 7595
2 2 4845 5114
2 2 4847 4854
2 2 4848 4854
2 2 4848 6376
2 2 4863 4865
2 2 4866 4868
2 2 4866 4869
2 2 4866 6672
2 2 4871 4873
2 2 4871 5684
2 2 4873 6929
2 2 4874 4876
2 2 4874 5797
2 2 4875 4878
1 2 4877 6028
2 2 4879 4880
2 2 4879 4882
2 2 4880 7077
1 2 4884 6730
2 2 4884 6732
2 2 4884 7406
1 2 4885 6929
2 2 4885 7234
1 2 4887 5119
1 2 4887 7474
2 2 4888 4893
2 2 4890 4893
2 2 4891 4892
2 2 4892 4893
2 2 4892 4894
2 2 4894 5179
2 2 4900 4903
2 2 4902 4903
2 2 4902 4904
2 2 4902 7124
2 2 4914 5183
1 2 4914 7532
2 2 4915 5183
2 2 4915 5230
2 2 4918 4919
2 2 4923 4925
2 2 4924 4925
2 2 4924 4926
2 2 4929 4935
2 2 4929 4937
2 2 4931 4934
2 2 4931 4935
1 2 4934 7437
2 2 4935 4938
2 2 4935 5051
2 2 4941 4943
2 2 4943 6299
2 2 4945 4946
1 2 4945 4978
2 2 4946 4978
2 2 4947 4951
2 2 4947 5624
2 2 4948 4950
2 2 4950 5629
2 2 4955 4957
2 2 4956 4957
2 2 4957 7341
1 2 4958 5472
2 2 4960 4963
2 2 4960 4968
2 2 4961 4963
2 2 4967 4968
2 2 4969 4971
2 2 4969 5889
2 2 4973 4975
2 2 4973 6312
2 2 4973 6317
2 2 4978 5103
2 2 4978 5104
2 2 4978 6140
2 2 4981 4983
2 2 4981 7833
2 2 4983 7835
2 2 4985 4987
2 2 4985 4989
2 2 4987 4988
2 2 4987 4993
2 2 4987 7764
2 2 4988 4990
2 2 4989 6138
2 2 4994 5147
1 2 4994 5301
2 2 4997 4999
2 2 4998 4999
2 2 5001 5002
1 2 5001 6906
2 2 5005 5007
1 2 5005 7377
2 2 5006 5007
1 2 5006 6219
2 2 5010 6599
2 2 5022 5033
1 2 5026 5027
2 2 5026 5033
2 2 5027 5597
2 2 5040 6593
2 2 5040 7223
2 2 5041 7221
2 2 5048 5051
2 2 5048 5483
2 2 5055 5926
1 2 5055 7065
2 2 5056 7715
2 2 5059 5072
2 2 5059 6590
2 2 5061 5071
2 2 5061 6585
2 2 5062 5065
2 2 5063 5065
2 2 5063 6313
2 2 5065 5071
1 2 5100 5101
2 2 5101 6375
2 2 5105 5109
2 2 5105 5112
2 2 5108 5112
2 2 5108 5115
2 2 5109 5113
2 2 5109 5463
1 2 5113 5463
2 2 5114 5115
2 2 5116 5117
2 2 5116 5122
2 2 5117 5118
2 2 5117 5127
2 2 5118 6617
2 2 5119 5120
2 2 5120 5127
1 2 5122 7457
2 2 5139 5140
2 2 5140 5141
2 2 5140 5144
2 2 5141 7256
2 2 5144 5205
2 2 5145 5147
2 2 5149 5150
2 2 5149 5152
2 2 5150 6829
2 2 5152 7742
2 2 5155 5156
2 2 5164 5166
2 2 5166 5169
2 2 5167 5169
2 2 5169 5572
2 2 5174 5177
2 2 5175 5182
2 2 5177 5181
2 2 5177 7451
2 2 5179 5182
2 2 5181 7454
1 2 5184 7090
2 2 5184 7887
2 2 5185 6261
2 2 5185 7886
2 2 5187 6929
2 2 5195 5197
2 2 5196 5197
2 2 5196 7311
2 2 5197 5874
2 2 5198 5874
2 2 5203 5207
2 2 5203 7143
2 2 5205 5207
2 2 5209 5213
2 2 5211 5213
2 2 5215 5220
2 2 5215 5235
1 2 5215 5492
2 2 5217 5220
2 2 5217 5227
2 2 5224 5230
2 2 5224 5234
2 2 5227 5471
2 2 5243 5246
2 2 5243 5247
2 2 5246 5834
2 2 5247 7673
2 2 5255 5257
2 2 5257 7975
2 2 5258 6413
1 2 5258 6895
1 2 5260 5263
2 2 5261 5263
2 2 5267 7915
2 2 5269 5271
2 2 5269 5556
2 2 5269 5558
2 2 5270 5272
2 2 5272 7349
2 2 5277 5279
2 2 5279 7712
2 2 5280 7341
2 2 5281 7873
2 2 5284 5878
2 2 5284 8077
2 2 5288 7742
2 2 5288 7743
1 2 5290 5292
2 2 5303 5668
2 2 5303 7396
2 2 5305 7361
2 2 5318 5319
2 2 5318 7959
2 2 5324 5475
1 2 5324 5962
2 2 5324 7420
2 2 5325 5326
2 2 5325 5327
2 2 5325 5384
2 2 5326 5330
1 2 5329 5330
2 2 5329 6177
1 2 5332 7045
2 2 5333 5334
2 2 5334 7280
2 2 5335 7007
2 2 5335 8019
2 2 5339 5481
1 2 5368 6253
2 2 5368 6517
2 2 5369 5374
2 2 5372 5381
2 2 5374 5381
2 2 5375 5377
2 2 5375 5380
2 2 5393 5394
2 2 5396 5398
2 2 5396 7691
2 2 5397 7208
2 2 5397 7210
2 2 5403 7231
1 2 5414 5415
2 2 5414 5964
2 2 5415 5963
2 2 5417 5424
2 2 5417 6789
2 2 5419 5420
2 2 5419 6787
2 2 5420 5425
2 2 5428 6236
2 2 5430 5433
2 2 5432 5433
2 2 5436 6449
2 2 5439 5440
2 2 5439 6053
2 2 5441 5451
2 2 5442 5449
2 2 5443 5446
2 2 5446 6639
2 2 5449 6637
2 2 5449 6641
2 2 5451 6638
2 2 5451 6641
2 2 5453 5455
2 2 5455 6640
2 2 5459 5467
2 2 5463 5467
2 2 5466 6636
2 2 5468 5472
2 2 5468 5473
2 2 5471 5473
2 2 5471 5474
2 2 5476 5962
2 2 5481 5577
2 2 5484 5485
2 2 5485 7458
2 2 5491 5508
2 2 5491 5806
1 2 5492 5503
2 2 5492 5505
2 2 5497 5498
2 2 5497 5500
2 2 5498 5806
2 2 5499 5507
2 2 5499 5508
2 2 5500 5505
2 2 5503 5507
2 2 5520 7863
2 2 5521 7864
2 2 5523 5527
1 2 5523 6571
2 2 5524 5527
2 2 5525 6526
2 2 5528 5534
2 2 5528 5538
2 2 5529 5535
2 2 5529 5537
1 2 5534 5537
1 2 5534 7705
1 2 5534 7710
1 2 5535 5537
1 2 5538 5540
1 2 5538 7704
2 2 5548 5550
2 2 5548 7509
2 2 5548 7510
2 2 5550 7719
1 2 5552 5553
2 2 5553 5555
2 2 5556 5589
1 2 5556 8079
1 2 5557 5558
2 2 5557 8079
2 2 5559 7572
1 2 5561 6905
2 2 5563 5565
2 2 5565 5815
1 2 5567 5575
2 2 5568 5572
2 2 5568 5575
2 2 5576 5577
2 2 5576 5760
2 2 5576 7251
2 2 5578 5581
2 2 5579 5581
2 2 5579 5582
1 2 5579 7270
2 2 5582 6941
2 2 5584 5585
2 2 5584 7908
2 2 5585 7497
2 2 5592 6679
2 2 5598 5603
2 2 5598 6766
2 2 5600 5603
2 2 5604 6080
2 2 5606 5607
2 2 5606 6255
2 2 5611 5620
2 2 5612 5620
1 2 5612 7336
1 2 5612 7337
2 2 5622 6346
1 2 5623 5743
2 2 5623 6346
2 2 5624 5629
2 2 5624 5630
2 2 5632 5633
2 2 5632 6822
2 2 5637 5639
2 2 5637 5644
1 2 5641 5644
2 2 5648 5650
2 2 5653 6242
2 2 5655 5658
2 2 5655 6242
2 2 5659 5661
2 2 5661 5662
1 2 5664 5665
2 2 5665 5871
1 2 5668 7396
2 2 5670 6559
2 2 5670 7933
2 2 5671 5674
1 2 5671 6296
2 2 5672 5675
2 2 5673 6298
2 2 5674 5677
2 2 5674 6560
2 2 5675 6298
2 2 5677 6296
2 2 5677 6298
2 2 5678 5681
2 2 5678 5906
2 2 5679 5681
2 2 5684 5685
1 2 5684 6269
2 2 5685 6236
2 2 5685 6274
2 2 5688 5691
2 2 5689 5695
2 2 5689 5697
1 2 5691 5695
2 2 5698 5701
2 2 5698 5702
2 2 5700 5702
2 2 5702 5704
2 2 5710 5716
1 2 5710 5724
2 2 5710 5727
2 2 5712 5719
2 2 5713 5723
1 2 5713 5726
2 2 5716 5725
2 2 5717 5724
2 2 5718 5719
2 2 5718 8061
2 2 5719 5721
2 2 5719 5726
2 2 5721 5725
2 2 5723 7658
2 2 5729 6097
1 2 5739 5742
1 2 5740 5742
2 2 5740 7674
2 2 5740 7675
2 2 5741 5742
2 2 5743 6346
2 2 5758 5759
2 2 5759 5760
2 2 5765 5768
2 2 5768 5769
1 2 5769 5771
2 2 5775 5777
2 2 5775 5778
2 2 5776 5778
2 2 5784 5787
2 2 5784 5790
2 2 5784 7848
2 2 5787 5793
2 2 5792 7848
2 2 5796 5797
2 2 5796 6025
2 2 5798 5799
2 2 5798 6707
2 2 5799 5800
2 2 5801 5803
2 2 5803 5804
2 2 5806 5807
2 2 5806 5808
2 2 5808 5809
2 2 5809 7715
2 2 5813 5814
2 2 5813 5815
2 2 5819 5820
2 2 5819 6493
2 2 5819 7620
2 2 5820 5821
1 2 5824 6289
2 2 5826 5833
2 2 5828 5829
1 2 5828 5833
2 2 5829 5833
2 2 5834 5837
2 2 5835 5839
1 2 5835 7258
2 2 5836 5837
2 2 5836 5839
2 2 5839 7258
2 2 5839 7261
2 2 5841 7506
2 2 5841 7507
2 2 5841 7913
2 2 5845 5851
2 2 5845 5852
1 2 5845 5969
1 2 5850 5852
2 2 5850 5972
2 2 5851 5970
2 2 5853 5854
2 2 5853 6716
2 2 5854 5860
2 2 5854 7320
1 2 5859 6257
2 2 5860 6259
2 2 5870 5871
2 2 5870 5872
2 2 5870 5873
2 2 5871 6219
2 2 5873 7713
2 2 5878 7616
2 2 5878 7703
2 2 5884 5891
2 2 5884 7567
2 2 5885 5888
2 2 5885 5889
2 2 5886 5888
2 2 5886 5890
2 2 5888 6478
2 2 5890 5891
2 2 5892 5894
1 2 5892 6374
2 2 5893 6675
2 2 5895 5896
2 2 5895 7216
2 2 5905 6349
2 2 5906 6348
2 2 5911 5912
2 2 5915 5920
2 2 5915 5926
1 2 5920 5926
2 2 5929 5933
2 2 5929 7839
2 2 5931 5933
2 2 5931 7600
2 2 5940 5941
2 2 5940 5949
2 2 5941 5942
2 2 5941 5950
1 2 5942 5950
2 2 5942 8076
2 2 5948 8072
2 2 5949 6444
2 2 5950 6839
1 2 5952 5954
2 2 5952 7775
1 2 5952 7781
1 2 5954 6855
2 2 5958 6154
2 2 5960 7532
2 2 5961 5963
2 2 5962 5964
2 2 5962 7420
1 2 5963 5964
2 2 5965 5967
2 2 5965 5969
2 2 5965 5972
1 2 5966 5972
2 2 5967 5970
1 2 5968 5972
2 2 5987 5989
2 2 5987 5991
2 2 5987 5992
2 2 5988 5991
2 2 5988 6169
2 2 5993 5996
2 2 5999 6020
2 2 5999 6451
2 2 6000 6001
2 2 6000 6449
2 2 6002 6008
2 2 6010 6015
2 2 6010 6016
2 2 6013 6016
2 2 6013 6017
1 2 6015 6017
2 2 6023 6927
2 2 6024 6927
2 2 6025 6028
2 2 6026 6028
2 2 6026 7325
2 2 6029 6030
2 2 6030 6031
2 2 6030 6034
1 2 6036 6654
2 2 6043 7466
2 2 6045 6048
1 2 6045 6050
2 2 6053 6054
2 2 6054 6484
2 2 6058 6061
2 2 6059 6060
2 2 6060 6063
2 2 6061 6063
2 2 6065 6066
2 2 6065 6856
2 2 6067 6378
2 2 6067 6481
2 2 6068 6070
2 2 6074 6078
2 2 6080 6082
1 2 6080 6472
1 2 6081 6707
2 2 6096 6097
2 2 6108 6132
2 2 6109 6118
2 2 6109 6132
2 2 6118 6776
2 2 6137 6138
2 2 6137 6255
2 2 6151 6152
2 2 6153 6155
2 2 6154 6155
2 2 6158 6159
2 2 6162 7569
2 2 6164 6437
2 2 6164 7955
2 2 6165 7955
2 2 6168 6169
2 2 6168 6171
2 2 6177 6178
2 2 6177 7006
2 2 6178 6180
2 2 6180 7719
2 2 6203 6204
2 2 6204 6208
2 2 6205 6207
2 2 6205 6208
1 2 6206 6210
2 2 6206 6404
2 2 6210 6407
2 2 6211 7523
2 2 6212 7956
2 2 6236 6237
1 2 6237 6274
2 2 6237 6275
2 2 6238 7234
2 2 6238 7569
2 2 6240 6242
2 2 6245 6248
2 2 6246 6250
2 2 6246 6251
2 2 6248 6249
2 2 6248 6252
2 2 6250 6252
2 2 6253 6255
2 2 6254 6255
2 2 6254 7558
2 2 6262 6263
2 2 6266 6268
2 2 6271 6275
1 2 6271 7114
2 2 6276 6277
2 2 6276 6716
2 2 6276 7010
2 2 6277 6873
2 2 6279 6833
1 2 6296 6300
2 2 6296 6302
2 2 6297 6298
1 2 6297 6303
2 2 6298 6300
2 2 6298 6303
2 2 6299 6302
1 2 6300 6303
2 2 6304 6306
2 2 6309 6310
2 2 6310 6317
2 2 6312 6313
2 2 6313 6666
2 2 6323 6595
2 2 6324 6326
2 2 6325 6381
2 2 6325 7853
1 2 6326 7249
2 2 6337 6339
2 2 6337 6343
2 2 6338 6341
1 2 6338 6345
2 2 6339 6341
2 2 6339 6651
2 2 6341 6345
2 2 6346 7812
2 2 6347 6350
2 2 6348 6350
2 2 6354 8042
2 2 6364 7035
2 2 6364 7711
2 2 6365 7068
2 2 6365 7335
2 2 6370 6372
2 2 6370 6376
2 2 6372 6375
2 2 6373 6374
2 2 6374 6376
2 2 6377 6378
2 2 6390 6397
2 2 6404 6405
2 2 6405 6406
2 2 6406 7576
2 2 6412 6414
2 2 6412 6415
2 2 6412 6839
2 2 6413 6414
1 2 6413 6417
1 2 6415 6419
2 2 6417 6895
2 2 6417 6896
2 2 6420 7952
2 2 6424 6425
2 2 6424 6427
2 2 6424 7927
2 2 6437 6924
2 2 6439 6440
1 2 6439 6442
2 2 6440 6441
2 2 6448 6451
2 2 6448 6463
2 2 6449 6451
2 2 6452 6992
2 2 6459 7447
2 2 6460 7032
2 2 6463 6464
2 2 6467 6469
2 2 6469 7964
2 2 6472 6474
2 2 6474 6476
2 2 6476 6478
2 2 6484 6489
2 2 6484 7536
2 2 6486 6489
2 2 6488 6489
2 2 6488 7051
1 2 6490 7463
2 2 6493 6494
2 2 6493 6495
1 2 6493 7620
1 2 6495 7620
2 2 6498 6501
2 2 6500 6501
2 2 6504 7620
2 2 6507 6508
2 2 6507 7832
2 2 6508 6509
2 2 6509 6511
2 2 6513 6515
2 2 6513 7310
2 2 6525 6677
2 2 6526 6528
2 2 6527 6528
2 2 6530 6534
2 2 6531 7303
2 2 6534 6536
2 2 6555 6559
2 2 6555 6560
2 2 6564 6572
2 2 6565 6567
2 2 6565 6569
2 2 6566 6570
2 2 6566 6573
2 2 6566 7319
2 2 6568 6571
2 2 6568 6572
2 2 6568 6578
2 2 6569 6574
2 2 6570 6576
2 2 6578 6723
2 2 6585 6590
1 2 6591 6638
2 2 6592 6594
2 2 6593 6594
2 2 6597 6598
2 2 6597 7015
2 2 6598 6602
2 2 6598 7499
2 2 6599 6602
2 2 6608 6609
2 2 6608 6610
2 2 6608 6612
1 2 6609 6610
2 2 6612 6816
2 2 6622 7098
2 2 6622 7104
2 2 6624 7627
2 2 6626 7779
2 2 6637 6639
2 2 6637 6640
2 2 6639 6742
2 2 6645 7307
2 2 6646 6647
2 2 6647 6648
2 2 6647 7307
1 2 6648 6650
2 2 6651 6652
2 2 6651 6653
2 2 6652 7227
1 2 6654 6732
1 2 6672 6674
2 2 6674 6675
2 2 6679 6680
2 2 6682 7082
2 2 6685 6692
2 2 6686 6687
1 2 6687 6689
2 2 6687 6692
2 2 6689 6718
2 2 6697 6699
2 2 6717 6721
2 2 6717 6725
2 2 6718 6723
2 2 6718 6724
1 2 6721 6724
2 2 6730 6731
1 2 6731 6732
2 2 6733 6737
2 2 6733 6739
2 2 6737 6740
2 2 6739 6742
2 2 6747 7949
2 2 6753 7768
2 2 6755 6759
2 2 6759 6999
2 2 6765 6766
2 2 6773 6776
2 2 6773 6784
2 2 6780 6783
2 2 6780 6784
2 2 6788 6796
2 2 6789 6793
2 2 6790 6791
2 2 6790 6795
2 2 6799 6801
2 2 6807 6813
2 2 6807 6818
2 2 6809 6820
2 2 6812 6816
2 2 6812 6819
2 2 6813 6820
2 2 6817 6818
2 2 6817 7272
2 2 6819 7272
2 2 6822 6824
2 2 6833 6899
2 2 6836 6838
2 2 6836 7165
2 2 6844 6849
2 2 6845 6849
1 2 6855 8037
2 2 6859 6860
2 2 6859 6869
2 2 6864 6866
2 2 6864 6869
1 2 6864 7368
2 2 6866 6884
2 2 6872 7066
2 2 6874 7010
2 2 6876 6877
2 2 6876 6878
2 2 6877 7818
2 2 6884 6885
2 2 6885 6889
2 2 6888 6890
2 2 6888 6891
2 2 6889 6893
2 2 6891 7366
2 2 6896 6897
2 2 6897 6915
2 2 6900 7911
2 2 6902 7617
2 2 6906 6909
2 2 6906 6910
2 2 6906 6912
2 2 6907 6912
1 2 6914 6915
2 2 6919 6922
2 2 6919 7933
2 2 6924 6926
1 2 6925 6926
2 2 6930 7688
2 2 6931 7206
2 2 6940 6947
2 2 6941 6946
2 2 6942 6944
2 2 6942 6946
2 2 6942 7809
2 2 6943 6946
2 2 6943 7266
2 2 6944 6947
2 2 6966 6967
2 2 6966 8060
2 2 6967 8042
2 2 6969 6971
2 2 6970 6971
2 2 6977 6999
2 2 6978 6981
2 2 6993 6994
2 2 7007 7008
2 2 7008 7869
2 2 7008 7986
2 2 7010 7016
2 2 7015 7016
2 2 7017 7025
2 2 7017 7027
2 2 7018 7022
1 2 7018 7026
2 2 7019 7020
1 2 7019 7023
1 2 7020 7024
1 2 7020 7649
2 2 7022 7024
2 2 7030 7713
2 2 7031 7034
2 2 7035 7036
2 2 7035 7037
2 2 7036 7617
1 2 7051 7054
2 2 7053 7054
2 2 7065 7715
2 2 7067 7068
2 2 7067 7070
2 2 7071 7074
2 2 7071 7075
2 2 7078 7623
2 2 7088 7090
1 2 7089 7090
2 2 7093 7100
2 2 7093 7104
2 2 7094 7110
2 2 7098 7397
2 2 7100 7101
2 2 7110 7816
2 2 7131 7132
2 2 7131 7139
2 2 7132 7137
2 2 7134 7137
1 2 7142 7146
2 2 7156 7159
2 2 7161 7163
2 2 7167 7169
2 2 7171 7554
2 2 7174 7839
2 2 7179 7181
2 2 7179 7185
2 2 7180 7185
2 2 7180 7191
2 2 7181 7192
2 2 7183 7192
2 2 7183 7197
2 2 7188 7197
2 2 7188 7429
2 2 7190 7202
2 2 7191 7431
2 2 7202 7204
2 2 7206 7210
2 2 7212 7364
2 2 7215 7216
2 2 7215 7217
2 2 7215 7229
1 2 7216 7217
1 2 7221 7222
1 2 7222 7223
2 2 7229 7230
2 2 7231 7233
1 2 7231 7945
2 2 7244 7246
2 2 7247 7248
2 2 7247 7249
2 2 7248 7438
2 2 7254 7931
2 2 7258 7259
1 2 7259 7260
1 2 7259 7261
1 2 7260 7262
2 2 7264 7267
2 2 7264 7333
2 2 7265 7266
2 2 7265 7267
2 2 7266 7270
2 2 7274 7275
2 2 7276 7277
1 2 7278 7280
2 2 7283 7284
1 2 7286 7291
1 2 7286 7295
2 2 7287 7288
2 2 7287 7295
1 2 7288 7290
2 2 7290 7295
2 2 7291 7295
2 2 7292 7295
2 2 7298 7300
2 2 7298 7303
2 2 7300 7304
2 2 7302 7304
2 2 7307 7309
2 2 7307 7310
2 2 7308 7311
2 2 7309 7311
2 2 7310 7509
2 2 7314 7319
2 2 7320 7324
2 2 7322 7324
2 2 7322 7325
2 2 7334 7335
2 2 7336 7339
2 2 7337 7339
2 2 7341 7396
2 2 7346 7348
2 2 7347 7348
2 2 7360 7361
2 2 7361 7363
2 2 7364 7928
2 2 7368 7369
2 2 7369 7372
2 2 7375 7380
2 2 7376 7380
2 2 7376 8020
2 2 7377 7380
2 2 7383 7384
2 2 7384 7844
2 2 7392 7394
2 2 7397 7404
2 2 7398 7400
2 2 7398 7403
2 2 7399 7400
2 2 7399 7654
2 2 7400 7874
2 2 7404 7874
2 2 7408 7411
2 2 7408 7418
2 2 7409 7414
2 2 7409 7417
2 2 7411 7417
2 2 7414 7939
2 2 7420 7857
2 2 7425 7426
1 2 7429 7430
2 2 7430 7431
1 2 7430 7437
2 2 7431 7437
2 2 7432 7436
2 2 7432 7437
2 2 7440 7854
2 2 7442 7443
2 2 7445 7580
2 2 7445 7617
1 2 7446 7447
1 2 7451 7454
2 2 7457 7458
2 2 7463 7465
2 2 7464 7465
2 2 7464 7466
2 2 7471 7474
2 2 7471 7483
2 2 7473 7478
2 2 7475 7480
2 2 7475 7490
2 2 7478 7480
2 2 7480 7483
2 2 7490 7493
2 2 7495 7499
2 2 7496 7497
2 2 7496 7498
2 2 7506 7508
2 2 7523 7956
2 2 7526 7528
2 2 7528 7530
2 2 7533 7539
2 2 7533 7540
2 2 7534 7540
2 2 7536 7542
2 2 7553 7555
2 2 7557 7558
2 2 7572 7576
2 2 7578 7579
1 2 7602 7605
2 2 7608 7611
2 2 7608 7614
2 2 7610 7612
2 2 7611 7612
2 2 7615 7616
2 2 7623 7624
2 2 7627 7631
2 2 7628 7630
2 2 7637 7645
2 2 7638 7647
2 2 7640 7645
2 2 7641 7643
2 2 7641 7645
1 2 7643 7757
1 2 7645 7647
2 2 7649 7650
2 2 7652 7653
2 2 7654 7655
2 2 7658 7660
1 2 7671 7674
1 2 7673 7675
2 2 7673 7676
1 2 7674 7675
2 2 7674 7679
2 2 7687 7690
2 2 7687 7692
2 2 7688 7691
2 2 7690 7691
2 2 7692 7895
2 2 7704 7705
2 2 7704 7711
2 2 7705 7710
2 2 7723 7726
2 2 7729 7732
2 2 7729 7741
2 2 7730 7732
2 2 7732 7738
2 2 7743 7744
2 2 7743 7747
1 2 7743 7752
2 2 7744 7750
2 2 7757 7761
2 2 7758 7762
2 2 7761 7762
2 2 7764 7769
2 2 7765 7768
2 2 7775 7779
2 2 7775 7781
2 2 7809 7810
2 2 7810 7811
2 2 7816 7818
2 2 7817 7818
2 2 7817 7819
2 2 7822 7823
2 2 7826 7829
2 2 7830 7832
2 2 7831 7832
2 2 7839 7840
2 2 7840 7842
2 2 7844 7847
2 2 7845 7846
2 2 7845 7847
2 2 7848 7849
2 2 7850 7853
2 2 7850 7854
2 2 7851 7852
2 2 7852 7854
2 2 7855 7857
2 2 7862 7866
2 2 7862 7867
2 2 7863 7867
2 2 7870 8019
2 2 7880 7882
2 2 7880 7883
1 2 7884 7885
2 2 7884 7887
2 2 7886 7887
2 2 7888 7972
1 2 7890 7891
2 2 7893 7903
2 2 7895 7898
2 2 7895 7903
2 2 7908 7911
2 2 7910 7911
2 2 7918 7919
1 2 7929 7930
2 2 7930 7931
2 2 7938 7941
2 2 7938 7942
2 2 7939 7942
2 2 7940 7942
2 2 7951 7952
2 2 7954 7955
2 2 7958 7959
2 2 7964 7967
1 2 7966 7967
2 2 7975 7978
2 2 7979 7983
1 2 7985 7986
2 2 7985 7987
2 2 7988 7990
2 2 8020 8021
2 2 8031 8034
2 2 8034 8037
2 2 8043 8044
2 2 8044 8048
2 2 8046 8048
2 2 8056 8058
2 2 8056 8060
2 2 8061 8069
2 2 8063 8064
1 2 8063 8069
2 2 8072 8075
2 2 8073 8075
2 2 8073 8076
2 2 8077 8078
2 2 8090 8094
2 2 8091 8106
2 2 8092 8098
2 2 8094 8096
2 2 8094 8098
2 2 8096 8105
2 2 8099 8105
2 2 8099 8106
2 2 8107 8108
2 2 8107 8113
2 2 8108 8109
2 2 8109 8110
2 2 8109 8111
2 2 8112 8113
2 2 8113 8114
2 2 8115 8117
2 2 8115 8122
2 2 8116 8117
2 2 8119 8120
2 2 8120 8123
2 2 8122 8123
2 2 8123 8124
2 2 8125 8128
2 2 8125 8137
2 2 8126 8128
2 2 8127 8130
2 2 8127 8131
2 2 8128 8131
2 2 8130 8135
2 2 8140 8141
2 2 8140 8143
2 2 8140 8145
2 2 8142 8145
2 2 8143 8146
2 2 8147 8148
2 2 8153 8154
2 2 8159 8161
2 2 8159 8167
2 2 8160 8161
2 2 8160 8162
2 2 8162 8165
2 2 8164 8165
2 2 8171 8172
2 2 8171 8173
2 2 8174 8175
2 2 8176 8177
2 2 8179 8180
2 2 8179 8181
2 2 8181 8184
2 2 8182 8184
2 2 8185 8186
2 2 8188 8189
2 2 8191 8192
2 2 8196 8198
2 2 8201 8202
2 2 8202 8204
2 2 8203 8204
2 2 8208 8209
2 2 8211 8212
