1 5
1 11
1 15
1 17
1 40
1 59
1 64
1 78
1 81
1 88
1 122
1 126
1 133
1 154
1 163
1 174
1 186
1 199
1 207
1 209
1 211
1 212
1 218
1 219
1 222
1 225
1 231
1 243
1 258
1 263
1 283
1 293
1 320
1 322
1 329
1 331
1 339
1 341
1 349
1 357
1 367
1 373
1 381
1 387
1 390
1 404
1 418
1 424
1 439
1 441
1 466
1 468
1 470
1 482
1 524
1 531
1 555
1 557
1 566
1 568
1 579
1 588
1 599
1 607
1 626
1 630
1 640
1 643
1 647
1 664
1 679
1 690
1 730
1 741
1 766
1 778
1 794
1 807
1 832
1 848
1 863
1 865
1 878
1 917
1 942
1 948
1 951
1 955
1 960
1 968
1 998
1 1006
1 1026
1 1046
1 1067
1 1076
1 1078
1 1087
1 1092
1 1102
1 1119
1 1123
1 1148
1 1157
1 1182
1 1210
1 1216
1 1222
1 1224
1 1227
1 1228
1 1229
1 1238
1 1240
1 1268
1 1280
1 1290
1 1304
1 1318
1 1337
1 1350
1 1354
1 1364
1 1375
1 1381
1 1393
1 1394
1 1436
1 1456
1 1467
1 1486
1 1498
1 1502
1 1521
1 1524
1 1540
1 1548
1 1549
1 1565
1 1573
1 1582
1 1613
1 1641
1 1647
1 1687
1 1692
1 1693
1 1708
1 1712
1 1726
1 1733
1 1738
1 1742
1 1765
1 1780
1 1785
1 1803
1 1808
1 1810
1 1811
1 1817
1 1829
1 1846
1 1849
1 1881
1 1883
1 1927
1 1942
1 1947
1 1959
1 2034
1 2037
1 2040
1 2044
1 2047
1 2053
1 2067
1 2093
1 2096
1 2100
1 2112
1 2115
1 2118
1 2127
1 2132
1 2139
1 2142
1 2161
1 2171
1 2173
1 2189
1 2194
1 2200
1 2204
1 2230
1 2235
1 2245
1 2263
1 2279
1 2310
1 2364
1 2367
1 2373
1 2374
1 2385
1 2395
1 2407
1 2408
1 2420
1 2423
1 2426
1 2429
1 2442
1 2447
1 2449
1 2458
1 2463
1 2480
1 2486
1 2509
1 2516
1 2531
1 2534
1 2541
1 2565
1 2568
1 2580
1 2594
1 2618
1 2666
1 2702
1 2705
1 2714
1 2724
1 2733
1 2736
1 2737
1 2741
1 2770
1 2771
1 2779
1 2818
1 2820
1 2828
1 2867
1 2882
1 2915
1 2917
1 2926
1 2939
1 2942
1 2954
1 2956
1 2959
1 2963
1 2971
1 2973
1 2997
1 3040
1 3053
1 3056
1 3062
1 3076
1 3101
1 3105
1 3119
1 3125
1 3146
1 3147
1 3166
1 3172
1 3179
1 3189
1 3193
1 3226
1 3235
1 3236
1 3241
1 3245
1 3276
1 3279
1 3281
1 3286
1 3290
1 3291
1 3315
1 3355
1 3359
1 3365
1 3378
1 3385
1 3392
1 3413
1 3419
1 3423
1 3424
1 3429
1 3455
1 3465
1 3481
1 3502
1 3516
1 3518
1 3521
1 3522
1 3532
1 3546
1 3553
1 3566
1 3591
1 3592
1 3601
1 3618
1 3632
1 3641
1 3644
1 3648
1 3652
1 3653
1 3670
1 3681
1 3694
1 3708
1 3712
1 3718
1 3725
1 3745
1 3753
1 3762
1 3790
1 3799
1 3802
1 3810
1 3816
1 3844
1 3846
1 3849
1 3856
1 3858
1 3861
1 3864
1 3884
1 3886
1 3890
1 3898
1 3925
1 3927
1 3932
1 3977
1 3986
1 3996
1 4008
1 4015
1 4020
1 4024
1 4045
1 4067
1 4069
1 4075
1 4083
1 4111
1 4116
1 4119
1 4129
1 4130
1 4133
1 4134
1 4151
1 4164
1 4172
1 4179
1 4192
1 4198
1 4206
1 4219
1 4220
1 4250
1 4268
1 4304
1 4336
1 4390
1 4410
1 4413
1 4435
1 4440
1 4447
1 4451
1 4455
1 4478
1 4501
1 4504
1 4520
1 4527
1 4537
1 4553
1 4561
1 4569
1 4572
1 4586
1 4594
1 4601
1 4609
1 4616
1 4645
1 4652
1 4694
1 4701
1 4711
1 4724
1 4726
1 4729
1 4746
1 4750
1 4755
1 4770
1 4772
1 4804
1 4809
1 4852
1 4855
1 4857
1 4860
1 4883
1 4886
1 4890
1 4915
1 4917
1 4919
1 4951
1 4956
1 4967
1 4970
1 5000
1 5019
1 5045
1 5057
1 5065
1 5069
1 5084
1 5089
1 5106
1 5114
1 5122
1 5128
1 5140
1 5154
1 5163
1 5168
1 5182
1 5201
1 5221
1 5222
1 5225
1 5234
1 5236
1 5265
1 5269
1 5280
1 5291
1 5318
1 5349
1 5367
1 5370
1 5384
1 5389
1 5404
1 5405
1 5414
1 5420
1 5424
1 5429
1 5431
1 5440
1 5449
1 5452
1 5454
1 5458
1 5466
1 5471
1 5485
1 5503
1 5508
1 5513
1 5523
1 5525
1 5528
1 5533
1 5536
1 5537
1 5543
1 5562
1 5566
1 5567
1 5586
1 5589
1 5591
1 5599
1 5601
1 5612
1 5626
1 5629
1 5630
1 5645
1 5659
1 5668
1 5681
1 5688
1 5701
1 5704
1 5717
1 5718
1 5722
1 5727
1 5733
1 5741
1 5761
1 5766
1 5778
1 5788
1 5807
1 5813
1 5818
1 5838
1 5843
1 5857
1 5871
1 5891
1 5894
1 5910
1 5913
1 5920
1 5933
1 5941
1 5971
1 5988
1 5994
1 6007
1 6016
1 6024
1 6035
1 6043
1 6046
1 6049
1 6067
1 6068
1 6074
1 6077
1 6094
1 6104
1 6105
1 6113
1 6119
1 6138
1 6145
1 6162
1 6179
1 6191
1 6243
1 6244
1 6250
1 6251
1 6255
1 6265
1 6298
1 6306
1 6314
1 6323
1 6335
1 6343
1 6344
1 6365
1 6376
1 6407
1 6410
1 6444
1 6447
1 6470
1 6473
1 6482
1 6488
1 6496
1 6503
1 6506
1 6517
1 6524
1 6586
1 6588
1 6605
1 6607
1 6619
1 6624
1 6655
1 6669
1 6673
1 6698
1 6700
1 6707
1 6708
1 6729
1 6734
1 6741
1 6742
1 6753
1 6764
1 6775
1 6792
1 6795
1 6815
1 6830
1 6841
1 6874
1 6887
1 6902
1 6908
1 6917
1 6934
1 6943
1 6944
1 6948
1 6978
1 6979
1 6988
1 7001
1 7014
1 7019
1 7021
1 7033
1 7037
1 7065
1 7072
1 7074
1 7086
1 7099
1 7124
1 7129
1 7132
1 7150
1 7186
1 7210
1 7230
1 7252
1 7267
1 7272
1 7297
1 7315
1 7333
1 7370
1 7406
1 7425
1 7430
1 7444
1 7449
1 7460
1 7468
1 7471
1 7472
1 7478
1 7508
1 7513
1 7523
1 7526
1 7530
1 7549
1 7550
1 7558
1 7567
1 7571
1 7580
1 7594
1 7602
1 7609
1 7610
1 7633
1 7635
1 7639
1 7650
1 7655
1 7663
1 7668
1 7691
1 7708
1 7750
1 7766
1 7769
1 7770
1 7777
1 7778
1 7798
1 7819
1 7822
1 7833
1 7842
1 7846
1 7866
1 7872
1 7887
1 7914
1 7932
1 7950
1 7983
1 7998
1 8017
1 8019
1 8032
1 8047
1 8049
1 8082
1 8088
1 8091
1 8111
1 8113
1 8120
1 8132
1 8134
1 8137
1 8139
1 8140
1 8148
1 8150
1 8152
1 8153
1 8158
1 8159
1 8170
1 8173
1 8175
1 8177
1 8178
1 8179
1 8182
1 8186
1 8187
1 8188
1 8190
1 8192
1 8193
1 8194
1 8195
1 8198
1 8199
1 8200
1 8204
1 8206
1 8207
1 8209
1 8210
1 8212
1 8213
1 8214
1 8215
1 8216
1 8217
1 8218
1 8219
1 8220
1 8221
1 8222
1 8223
1 8224
1 8225
1 8226
1 8227
1 8228
1 8229
1 8230
1 8231
1 8232
1 8233
1 8234
1 8235
1 8236
1 8237
1 8238
1 8239
1 8240
1 8241
1 8242
1 8243
1 8244
1 8245
1 8246
1 8247
1 8248
1 8249
1 8250
1 8251
