1;2085;9.900000;680;small
2;2704;9.900000;681;small
3;3048;9.900000;657;small
4;2228;9.900000;736;small
5;2366;9.900000;1058;small
6;2743;9.900000;864;small
7;3191;9.900000;884;small
8;2917;9.900000;781;small
9;2807;9.900000;1211;small
10;3632;9.900000;1099;small
11;1898;9.900000;853;small
12;2895;9.900000;1215;small
13;3149;9.900000;1362;small
14;2257;9.900000;1087;small
15;2148;9.900000;1124;small
16;3610;9.900000;1301;small
17;2275;9.900000;1342;small
18;3644;9.900000;1351;small
19;2765;9.900000;1277;small
20;2968;9.900000;1200;small
21;1923;9.900000;1481;small
22;2186;9.900000;1389;small
23;2508;9.900000;1230;small
24;3367;9.900000;1519;small
25;2888;9.900000;1553;small
26;3085;9.900000;1350;small
27;3670;9.900000;1514;small
28;2679;9.900000;1492;small
29;2217;9.900000;1376;small
30;2719;9.900000;1545;small
31;3489;9.900000;1595;small
32;3105;9.900000;1661;small
33;2464;9.900000;1650;small
34;2773;9.900000;1885;small
35;3320;9.900000;146;small
36;2874;9.900000;53;small
37;1968;9.900000;85;small
38;4116;9.900000;33;small
39;5450;9.900000;278;small
40;4841;9.900000;237;small
41;2677;9.900000;83;small
42;504;9.900000;41;small
43;2869;9.900000;281;small
44;1526;9.900000;154;small
45;3248;9.900000;272;small
46;2640;9.900000;330;small
47;616;9.900000;645;small
48;4010;9.900000;323;small
49;3456;9.900000;214;small
50;3035;9.900000;322;small
51;4424;9.900000;458;small
52;3423;9.900000;381;small
53;2809;9.900000;443;small
54;3151;9.900000;459;small
55;3632;9.900000;652;small
56;1558;9.900000;360;small
57;1891;9.900000;494;small
58;5258;9.900000;630;small
59;3457;9.900000;566;small
60;3776;9.900000;623;small
61;3338;9.900000;476;small
62;4730;9.900000;613;small
63;3182;9.900000;617;small
64;1109;9.900000;604;small
65;171;9.900000;589;small
66;2891;9.900000;446;small
67;1269;9.900000;689;small
68;4217;9.900000;878;small
69;4023;9.900000;677;small
70;1713;9.900000;785;small
71;3372;9.900000;755;small
72;3905;9.900000;955;small
73;2665;9.900000;845;small
74;1005;9.900000;840;small
75;3948;9.900000;832;small
76;4384;9.900000;859;small
77;4599;9.900000;907;small
78;4197;9.900000;1002;small
79;382;9.900000;690;small
80;3578;9.900000;1018;small
81;5281;9.900000;823;small
82;1418;9.900000;950;small
83;4862;9.900000;1035;small
84;1730;9.900000;1035;small
85;687;9.900000;923;small
86;5488;9.900000;778;small
87;1141;9.900000;1127;small
88;4062;9.900000;1098;small
89;1829;9.900000;1246;small
90;3403;9.900000;1142;small
91;4583;9.900000;1140;small
92;3761;9.900000;1169;small
93;4286;9.900000;1152;small
94;3878;9.900000;1236;small
95;4798;9.900000;1261;small
96;1605;9.900000;1249;small
97;4106;9.900000;1295;small
98;4627;9.900000;1326;small
99;329;9.900000;1359;small
100;3801;9.900000;1378;small
101;4261;9.900000;1265;small
102;1813;9.900000;1497;small
103;4482;9.900000;1468;small
104;1428;9.900000;1434;small
105;4000;9.900000;1366;small
106;4797;9.900000;1412;small
107;1204;9.900000;1332;small
108;5276;9.900000;1337;small
109;1513;9.900000;1554;small
110;3811;9.900000;1502;small
111;5043;9.900000;1465;small
112;98;9.900000;1260;small
113;4553;9.900000;1572;small
114;4251;9.900000;1504;small
115;1799;9.900000;1587;small
116;4076;9.900000;1562;small
117;4754;9.900000;1537;small
118;1928;9.900000;1543;small
119;1612;9.900000;1678;small
120;4662;9.900000;1653;small
121;761;9.900000;1602;small
122;2081;9.900000;1772;small
123;3715;9.900000;1674;small
124;3316;9.900000;1737;small
125;1909;9.900000;1852;small
126;82;9.900000;1982;small
127;4193;9.900000;1787;small
128;5369;9.900000;1891;small
129;4566;9.900000;1788;small
130;1290;9.900000;1950;small
131;3533;9.900000;1802;small
132;1704;9.900000;1811;small
133;4382;9.900000;1845;small
134;853;9.900000;1769;small
135;4723;9.900000;1880;small
136;4024;9.900000;1805;small
137;2002;9.900000;1979;small
138;3617;9.900000;2007;small
139;2162;9.900000;1807;small
140;3043;9.900000;2005;small
141;2427;9.900000;2015;small
1;2085;9.900000;680;large
