
state={
	id=1
	name="STATE_1"
	manpower = 2152065
	
	state_category = pastoral
	#impassable = yes
	resources={
		aluminium=0
		chromium=0
		oil=0
		rubber=0
		steel=0
		tungsten=0
		coal=0
	}

	history={
		victory_points = { 74 1}
		victory_points = { 75 1}
		
		owner = BOL
		buildings = {
			infrastructure = 1
			
			arms_factory = 0
			industrial_complex = 0
			
			
		}
		add_core_of = BOL
	}

	provinces={
		72 73 74 75 76 77 226 227 228 229 230 231 232 233 234 235 236 237 323 324 325 326 327 328 329 330 331 332 333 334 335 336 337 338 339 340 341 342 343 346 347 348 361 362 363 364 365 366 367 423 424 425 582 583 584 585 586 587 588 589 590 591 592 593 594 595 596 597 598 599 600 601 602 712 713 714 715 716 717 718 719 791 792 793 794 795 796 797 798 799 800 910 911 912 913 945 946 947 948 949 950 951 952 953 954 1023 1024 1025 1026 1094 1213 1214 1215 1216 1217 1218 1219 1220 1221 1222 1488 1489 1490 1491 1492 1493 1494 1495 1761 1762 1765 1766 2015 2016 2017 2018 2040 2545 2546 2547 2548 2549 2550 2680 2699 2700 2701 2702 2703 2704 2705 2706 2707 2708 2709 2731 2732 2733 2734 2735 2736 2737 2738 2739 2936 2937 2938 2939 2982 2983 2984 3036 3037 3038 3039 3040 3041 3042 3043 3044 3045 3046 3047 3048 3049 3050 3051 3052 3053 3054 3453 3454 3455 3456 3457 3482 3483 3484 3637 3638 3858 3859 3860 3971 3972 3982 3983 3984 3985 4022 4023 4024 4025 4026 4027 4028 4029 4030 4123 4124 4125 4126 4127 4128 4129 4130 4131 4132 4133 4144 4145 4410 4415 4416 4417 4418 4419 4420 4421 4422 4423 4569 4641 4642 4688 4689 4690 4691 4692 4693 4694 4695 4755 4756 4757 4758 4759 4816 4817 4818 4819 4820 4821 4822 4823 4824 4846 4847 4848 4849 4850 4851 4852 4853 4854 4855 4856 4866 4867 4868 4869 5099 5100 5101 5102 5209 5210 5211 5212 5213 5290 5291 5292 5511 5512 5513 5514 5515 5516 5517 5518 5519 5520 5521 5522 5711 5713 5717 5722 5723 5724 5728 5892 5893 5894 5928 5929 5930 5931 5932 5933 5934 6099 6100 6101 6102 6103 6104 6105 6106 6107 6108 6109 6110 6111 6112 6113 6114 6115 6116 6117 6118 6119 6120 6121 6122 6123 6124 6125 6126 6127 6128 6129 6130 6131 6132 6133 6134 6135 6370 6371 6372 6373 6374 6375 6376 6672 6673 6674 6675 6771 6772 6773 6774 6775 6776 6777 6778 6779 6780 6781 6782 6783 6784 6978 6979 6980 6981 6982 6983 7131 7132 7133 7134 7135 7136 7137 7138 7139 7172 7173 7174 7175 7176 7177 7178 7179 7180 7181 7182 7183 7184 7185 7186 7187 7188 7189 7190 7191 7192 7193 7194 7195 7196 7197 7198 7199 7200 7201 7202 7203 7204 7235 7236 7367 7368 7369 7370 7371 7372 7373 7429 7430 7431 7432 7433 7434 7435 7436 7437 7600 7601 7602 7603 7604 7605 7606 7607 7656 7657 7658 7659 7660 7661 7662 7663 7664 7757 7758 7759 7760 7761 7762 7763 7839 7840 7841 7842 7860 7861 7862 7863 7864 7865 7866 7867 7868 8063 8064 8065 8066 8070 8071
	}
	local_supplies=0.0 
}
