
state={
	id=11
	name="STATE_11"
	manpower = 1256077
	
	state_category = small_island
	#impassable = yes
	resources={
		aluminium=0
		chromium=0
		oil=0
		rubber=0
		steel=8
		tungsten=0
		coal=0
	}

	history={
		victory_points = { 160 1}
		
		owner = KAZ
		buildings = {
			infrastructure = 1
			
			arms_factory = 0
			industrial_complex = 0
			
			
		}
		add_core_of = KAZ
	}

	provinces={
		160 161 162 557 558 559 560 561 562 563 564 565 770 771 772 773 774 776 777 972 973 974 975 976 977 978 979 980 981 982 983 984 985 986 987 1515 1516 1517 1518 1519 1520 1521 1821 1822 1823 1824 1825 1826 1827 1828 1829 1830 1831 1832 2172 2173 2174 2175 2176 2177 2178 2179 2180 2206 2210 2211 2215 2220 2222 2225 2227 2266 2267 2268 2269 2270 2271 2272 2273 2274 2275 2276 2277 2278 2279 2280 2578 2579 2580 2935 3762 3763 3764 3765 3766 3767 3768 3769 3770 3771 3772 3773 3774 3775 3776 4079 4080 4081 4083 4085 4087 4089 4091 4092 4094 4709 4710 4728 4729 4730 4731 4732 4733 4734 5528 5529 5530 5531 5532 5533 5534 5535 5536 5537 5538 5539 5540 5541 5604 6080 6081 6082 6083 6084 6085 6841 6842 6843 6844 6845 6846 6847 6848 6849 6850 6851 6852 6853 6854
	}
	local_supplies=0.0 
}
