
state={
	id=18
	name="STATE_18"
	manpower = 1060865
	
	state_category = pastoral
	#impassable = yes
	resources={
		aluminium=0
		chromium=0
		oil=0
		rubber=0
		steel=0
		tungsten=0
		coal=0
	}

	history={
		victory_points = { 315 1}
		victory_points = { 92 6}
		victory_points = { 94 4}
		
		owner = SIR
		buildings = {
			infrastructure = 1
			
			arms_factory = 0
			industrial_complex = 1
			
			
		}
		add_core_of = SIR
	}

	provinces={
		89 90 91 92 93 94 315 316 317 937 1347 1348 1349 1352 1354 1356 1358 1359 1995 1996 1997 1998 1999 2000 2001 2002 2003 2004 2005 2006 2141 2142 2143 2144 2145 2146 2148 2149 2150 3277 3278 3279 3280 3281 3282 3283 3284 3293 3294 3295 3296 3297 3298 3299 3300 3301 3302 3377 3378 3379 3380 3381 3382 3383 3384 3385 3386 3387 3595 3596 3597 3598 3599 3600 3601 3602 3603 3604 3605 4478 4480 5441 5442 5443 5444 5445 5446 5447 5448 5449 5450 5451 5453 5455 5457 5458 5461 5465 5466 5993 5994 5995 5996 5998 6213 6216 6634 6635 6636 6637 6638 6639 6640 6641 6642 6643 6733 6734 6735 6736 6737 6738 6739 6740 6741 6742 6743 6744 6745 6746 7088 7089 7090 7885 7943 7944 7945 7946 7948
	}
	local_supplies=0.0 
}
