
state={
	id=3
	name="STATE_3"
	manpower = 3785881
	
	state_category = megalopolis
	#impassable = yes
	resources={
		aluminium=0
		chromium=0
		oil=0
		rubber=14
		steel=0
		tungsten=0
		coal=0
	}

	history={
		victory_points = { 2 3}
		victory_points = { 4 17}
		victory_points = { 7 6}
		
		owner = YAN
		buildings = {
			infrastructure = 5
			air_base = 7
			arms_factory = 4
			industrial_complex = 4
			
			6 = {
				naval_base = 1
			}
			
		}
		add_core_of = YAN
	}

	provinces={
		2 3 4 5 6 7 8 56 57 58 59 60 61 62 63 123 124 125 126 127 128 132 133 134 135 136 137 138 148 149 155 156 157 158 159 169 170 171 172 173 174 175 176 177 178 179 205 206 207 208 279 280 281 282 283 284 285 286 287 288 289 290 291 292 351 352 353 354 368 369 370 371 372 373 374 375 495 496 497 498 499 500 501 502 503 504 505 547 548 549 550 551 552 670 671 672 673 674 675 676 677 678 705 706 707 708 709 710 711 732 733 734 735 736 737 738 739 740 741 742 743 744 779 780 781 782 783 784 785 786 787 788 825 826 827 828 829 830 831 832 833 834 835 836 837 838 839 840 872 873 874 875 876 877 904 927 928 929 930 931 932 933 934 935 1027 1028 1029 1030 1031 1032 1095 1096 1097 1098 1099 1100 1105 1106 1107 1108 1109 1149 1150 1151 1152 1153 1154 1155 1156 1157 1158 1174 1175 1176 1177 1178 1179 1180 1181 1182 1183 1184 1185 1186 1187 1188 1189 1237 1238 1251 1252 1253 1254 1255 1256 1323 1324 1325 1326 1327 1328 1329 1384 1385 1386 1387 1388 1389 1390 1439 1440 1441 1442 1443 1444 1445 1446 1447 1448 1449 1450 1454 1455 1456 1457 1458 1459 1460 1461 1462 1463 1464 1465 1552 1553 1554 1555 1556 1557 1558 1559 1560 1561 1562 1563 1564 1652 1653 1719 1720 1721 1722 1723 1724 1725 1728 1729 1730 1787 1788 1806 1807 1808 1809 1810 1811 1812 1814 1815 1833 1834 1835 1836 1837 1838 1839 1840 1841 1876 1877 1878 1879 1884 1885 1886 1887 1888 1901 1902 1903 1904 1905 1906 1907 1908 1909 1910 1932 1933 1934 1935 1936 1937 1938 1939 1940 1941 1942 1943 1944 1990 1991 1992 1993 1994 2007 2008 2009 2010 2011 2012 2013 2014 2025 2026 2027 2028 2029 2030 2031 2032 2033 2034 2035 2036 2037 2038 2039 2087 2088 2089 2090 2091 2092 2093 2124 2125 2126 2128 2129 2130 2131 2162 2163 2164 2165 2166 2167 2168 2169 2170 2171 2246 2247 2248 2249 2250 2251 2259 2298 2299 2300 2301 2302 2303 2347 2348 2349 2350 2351 2352 2353 2354 2355 2356 2357 2358 2387 2388 2389 2390 2393 2394 2395 2396 2397 2398 2399 2400 2433 2434 2435 2436 2437 2438 2439 2440 2441 2442 2443 2444 2445 2446 2447 2448 2449 2450 2451 2452 2453 2454 2455 2456 2457 2458 2459 2460 2461 2462 2501 2502 2503 2504 2505 2507 2508 2509 2552 2553 2554 2555 2556 2557 2561 2562 2563 2564 2568 2569 2570 2587 2588 2589 2590 2591 2604 2605 2606 2607 2608 2609 2635 2636 2637 2638 2639 2640 2641 2642 2643 2644 2645 2654 2660 2661 2662 2663 2664 2665 2666 2757 2758 2759 2760 2761 2762 2763 2784 2785 2786 2787 2788 2789 2796 2797 2798 2799 2800 2801 2802 2803 2812 2813 2814 2815 2816 2817 2823 2824 2825 2826 2827 2828 2829 2838 2839 2840 2851 2852 2853 2854 2855 2856 2872 2873 2874 2875 2876 2877 2878 2879 2880 2881 2901 2902 2903 2904 2905 2906 2907 2908 2964 2965 2966 2967 2968 2969 2985 2986 2987 2988 2989 2998 2999 3031 3032 3033 3034 3035 3074 3075 3076 3077 3078 3106 3107 3108 3109 3110 3111 3154 3155 3156 3157 3158 3159 3160 3161 3162 3163 3164 3165 3166 3167 3168 3169 3170 3171 3210 3211 3212 3250 3251 3252 3271 3272 3273 3274 3275 3276 3313 3314 3315 3316 3317 3329 3330 3331 3332 3333 3334 3392 3393 3394 3395 3396 3407 3408 3409 3410 3413 3436 3437 3438 3439 3440 3448 3449 3450 3451 3452 3485 3486 3487 3488 3489 3490 3491 3492 3493 3494 3495 3503 3504 3505 3506 3507 3508 3537 3538 3539 3593 3594 3627 3628 3629 3630 3665 3666 3667 3679 3680 3681 3682 3683 3684 3685 3686 3687 3688 3689 3690 3691 3712 3713 3714 3734 3735 3736 3737 3738 3739 3740 3741 3742 3753 3754 3755 3756 3757 3758 3759 3760 3761 3784 3785 3786 3787 3788 3789 3803 3804 3805 3806 3816 3817 3818 3819 3820 3824 3825 3826 3836 3837 3838 3839 3877 3878 3879 3880 3881 3882 3891 3892 3893 3894 3895 3896 3897 3898 3899 3900 3901 3902 3916 3917 3919 3921 3922 3923 3928 3929 3930 3931 3932 3933 3934 3935 3936 3937 3938 3939 3940 3941 3998 3999 4000 4001 4002 4003 4004 4005 4006 4007 4008 4009 4012 4013 4014 4015 4016 4046 4047 4048 4049 4050 4051 4052 4053 4054 4055 4056 4057 4058 4064 4065 4066 4077 4078 4121 4122 4137 4138 4139 4146 4147 4148 4149 4150 4151 4152 4153 4154 4155 4156 4157 4158 4228 4229 4234 4235 4236 4237 4238 4265 4266 4267 4268 4269 4270 4275 4276 4277 4278 4279 4280 4281 4282 4283 4284 4285 4286 4287 4288 4289 4290 4314 4315 4316 4317 4318 4319 4320 4321 4322 4323 4324 4346 4347 4367 4368 4369 4370 4399 4400 4401 4402 4403 4405 4406 4407 4408 4409 4424 4425 4426 4427 4428 4454 4455 4456 4457 4458 4459 4460 4461 4462 4463 4464 4465 4466 4467 4468 4469 4470 4471 4472 4473 4474 4475 4476 4477 4487 4570 4571 4572 4573 4574 4575 4576 4577 4578 4579 4580 4581 4582 4583 4584 4585 4586 4587 4677 4681 4682 4683 4684 4685 4686 4687 4711 4712 4735 4736 4737 4739 4740 4741 4742 4743 4744 4745 4746 4747 4748 4810 4811 4812 4813 4814 4815 4825 4826 4827 4828 4829 4833 4834 4835 4836 4861 4862 4874 4875 4876 4877 4878 4888 4889 4890 4891 4892 4893 4894 4914 4915 4916 4917 4922 4923 4924 4925 4926 4939 4940 4941 4942 4943 4944 4958 4959 4960 4961 4962 4963 4964 4965 4966 4967 4968 4994 4995 4996 4997 4998 4999 5008 5009 5010 5011 5012 5042 5043 5044 5045 5116 5117 5118 5119 5120 5121 5122 5123 5124 5125 5126 5127 5145 5146 5147 5171 5172 5173 5174 5175 5176 5177 5178 5179 5180 5181 5182 5183 5214 5215 5216 5217 5218 5219 5220 5221 5222 5223 5224 5225 5226 5227 5228 5229 5230 5231 5232 5233 5234 5235 5236 5249 5250 5251 5252 5253 5254 5282 5283 5284 5285 5301 5302 5323 5324 5332 5333 5334 5390 5391 5392 5393 5394 5395 5414 5415 5416 5430 5431 5432 5433 5434 5435 5436 5437 5438 5439 5440 5468 5469 5470 5471 5472 5473 5474 5475 5476 5501 5509 5542 5543 5544 5545 5546 5547 5562 5563 5564 5565 5566 5578 5579 5580 5581 5582 5583 5584 5585 5586 5591 5592 5605 5608 5609 5631 5632 5633 5634 5635 5664 5665 5666 5670 5671 5672 5673 5674 5675 5676 5677 5678 5679 5680 5681 5682 5761 5762 5763 5771 5795 5796 5797 5801 5802 5803 5804 5811 5812 5813 5814 5815 5816 5817 5842 5843 5844 5845 5846 5847 5848 5849 5850 5851 5852 5853 5854 5855 5856 5857 5858 5859 5860 5870 5871 5872 5873 5878 5895 5896 5905 5906 5907 5908 5909 5910 5911 5912 5913 5914 5956 5957 5958 5959 5961 5962 5963 5964 5965 5966 5967 5968 5969 5970 5971 5972 5984 5985 5986 5987 5988 5989 5990 5991 5992 5999 6000 6001 6019 6020 6025 6026 6027 6028 6038 6039 6040 6041 6045 6046 6047 6048 6049 6050 6051 6052 6053 6054 6055 6056 6057 6058 6059 6060 6061 6062 6063 6153 6154 6155 6168 6169 6170 6171 6172 6173 6174 6219 6220 6257 6258 6259 6260 6276 6277 6278 6279 6280 6281 6282 6293 6294 6295 6296 6297 6298 6299 6300 6301 6302 6303 6304 6305 6306 6324 6325 6326 6332 6333 6334 6335 6336 6347 6348 6349 6350 6354 6365 6379 6380 6381 6382 6383 6420 6421 6424 6425 6426 6427 6448 6449 6450 6451 6452 6462 6463 6464 6465 6484 6485 6486 6487 6488 6489 6497 6498 6499 6500 6501 6524 6525 6551 6552 6553 6554 6555 6556 6557 6558 6559 6560 6561 6562 6563 6597 6598 6599 6600 6601 6602 6603 6604 6605 6606 6617 6618 6619 6620 6621 6622 6623 6676 6677 6678 6679 6680 6716 6822 6823 6824 6832 6833 6857 6858 6872 6873 6874 6875 6876 6877 6878 6879 6880 6881 6898 6899 6900 6901 6919 6920 6921 6922 6932 6933 6934 6935 6936 6937 6938 6939 6940 6941 6942 6943 6944 6945 6946 6947 6966 6967 6992 6993 6994 6995 6996 7010 7011 7012 7013 7014 7015 7016 7030 7045 7051 7055 7066 7067 7068 7069 7070 7091 7092 7093 7094 7095 7096 7097 7098 7099 7100 7101 7102 7103 7104 7105 7106 7107 7108 7109 7110 7111 7112 7113 7211 7212 7213 7214 7215 7216 7217 7228 7229 7230 7239 7240 7241 7242 7243 7244 7245 7246 7247 7248 7249 7260 7263 7264 7265 7266 7267 7268 7269 7270 7271 7278 7279 7280 7281 7282 7283 7284 7285 7286 7287 7288 7289 7290 7291 7292 7293 7294 7295 7320 7321 7322 7323 7324 7325 7326 7332 7333 7334 7335 7346 7347 7348 7355 7356 7357 7358 7359 7364 7397 7398 7399 7400 7401 7402 7403 7404 7405 7419 7420 7428 7438 7439 7440 7441 7450 7451 7452 7453 7454 7455 7456 7471 7472 7473 7474 7475 7476 7477 7478 7479 7480 7481 7482 7483 7484 7485 7489 7490 7491 7492 7493 7494 7495 7496 7497 7498 7499 7500 7533 7534 7535 7536 7537 7538 7539 7540 7541 7542 7543 7544 7545 7615 7616 7654 7655 7665 7666 7667 7668 7669 7670 7680 7703 7713 7721 7722 7723 7724 7725 7726 7727 7728 7804 7805 7806 7807 7808 7809 7810 7811 7815 7816 7817 7818 7819 7820 7821 7822 7823 7824 7826 7827 7828 7829 7850 7851 7852 7853 7854 7855 7856 7857 7874 7875 7889 7890 7891 7908 7909 7910 7911 7912 7916 7917 7918 7919 7920 7921 7927 7928 7933 7934 7935 7950 7951 7952 7953 7988 7989 7990 8042 8056 8057 8058 8059 8060 8077 8078 8080 8201 8202 8203 8204 8205 8245
	}
	local_supplies=0.0 
}
