
state={
	id=42
	name="Shiraziberg"
	manpower = 7909
	
	state_category = small_island
	#impassable = yes
	resources={
		aluminium=0
		chromium=0
		oil=0
		rubber=0
		steel=6
		tungsten=0
		coal=0
	}

	history={
		victory_points = { 1 1}
		
		owner = URS
		buildings = {
			infrastructure = 1
			
			arms_factory = 0
			industrial_complex = 0
			
			
		}
		add_core_of = URS
	}

	provinces={
		258 260 261 681 682 686 687 689 1002 1005 1007 1012 1014 1015 1330 1331 1332 1334 1335 1337 1338 1339 1340 1341 1342 1343 1345 1613 1614 2155 2158 2159 2520 2521 2523 2524 2973 2974 2975 2976 2977 2978 2979 2980 2981 3089 3090 3091 3092 3132 3134 3135 3136 3411 3412 3821 3822 3823 4439 4440 4441 4442 4443 4444 4445 4446 4447 4448 4449 4450 4451 4452 4453 4504 4505 4507 4508 4509 4510 4512 4513 4514 4515 4517 5243 5244 5245 5246 5247 5834 5835 5836 5837 5838 5839 5840 6657 7258 7259 7261 7262 7673 7676 7678 7879
	}
	local_supplies=0.0 
}
