
state={
	id=46
	name="Dracosland"
	manpower = 3311516
	
	state_category = large_city
	#impassable = yes
	resources={
		aluminium=0
		chromium=0
		oil=0
		rubber=0
		steel=0
		tungsten=0
		coal=0
	}

	history={
		victory_points = { 37 3}
		victory_points = { 38 3}
		victory_points = { 41 3}
		victory_points = { 43 2}
		
		owner = RIM
		buildings = {
			infrastructure = 3
			air_base = 1
			arms_factory = 1
			industrial_complex = 0
			dockyard = 1
			41 = {
				naval_base = 1
			}
			
		}
		add_core_of = RIM
	}

	provinces={
		396 397 398 399 400 1039 1040 1041 1042 1043 1044 1049 1050 1051 1257 1258 1637 1638 1639 1640 1641 1642 1695 1696 1697 1698 1699 1700 1701 1702 1767 1768 1769 1770 1771 1772 1773 1954 1984 1985 1986 1987 1988 1989 2692 2693 2694 2695 2696 2764 2765 2766 2790 2791 2792 2793 2794 2795 3246 3249 3321 3397 3398 3674 3707 3708 3709 3710 3711 3746 3747 4101 4102 4103 4104 4105 4106 4262 4263 4264 4483 4484 4485 4486 4609 4610 4611 4612 4613 4614 4615 4616 4617 4618 4619 4620 4621 4622 4623 4624 4625 4626 4627 4628 4629 4630 4631 4749 4750 4751 4752 4753 4754 4945 4946 4978 5036 5037 5038 5039 5040 5041 5103 5104 5335 5336 5337 5338 5339 5481 5576 5577 5758 5759 5760 5782 5783 5784 5785 5786 5787 5788 5789 5790 5791 5792 5793 5794 6140 6141 6142 6156 6157 6158 6159 6160 6161 6290 6291 6292 6592 6593 6594 6754 6755 6756 6757 6758 6759 6760 6977 6997 6998 6999 7000 7007 7008 7009 7221 7222 7223 7250 7251 7252 7563 7564 7565 7566 7848 7849 7869 7870 7871 7984 7985 7986 7987 8019
	}
	local_supplies=0.0 
}
