
state={
	id=5
	name="STATE_5"
	manpower = 3141667
	
	state_category = rural
	#impassable = yes
	resources={
		aluminium=0
		chromium=0
		oil=0
		rubber=0
		steel=0
		tungsten=0
		coal=0
	}

	history={
		victory_points = { 30 2}
		victory_points = { 32 1}
		victory_points = { 1380 1}
		victory_points = { 1382 2}
		
		owner = COL
		buildings = {
			infrastructure = 1
			
			arms_factory = 0
			industrial_complex = 0
			
			24 = {
				naval_base = 1
			}
			
		}
		add_core_of = COL
	}

	provinces={
		24 25 26 27 28 29 30 31 32 209 210 211 212 213 214 215 216 217 218 219 220 298 299 300 301 307 308 309 310 311 312 313 314 318 319 320 321 322 410 411 789 790 841 842 843 844 845 846 847 848 849 1072 1073 1074 1075 1076 1077 1078 1110 1111 1112 1113 1114 1115 1116 1117 1118 1119 1120 1121 1122 1123 1124 1131 1132 1133 1134 1135 1136 1275 1276 1277 1278 1279 1280 1281 1282 1283 1284 1285 1286 1287 1288 1289 1306 1307 1308 1309 1310 1311 1312 1313 1314 1315 1316 1317 1318 1319 1320 1321 1322 1377 1378 1379 1380 1381 1382 1383 1731 1732 1733 1760 1763 1764 1802 1803 1804 1805 1945 1946 1947 1948 1949 1950 1951 1952 1953 2187 2369 2370 2371 2538 2539 2540 2541 2542 2543 2544 2669 2740 2741 2742 2743 2744 2745 2746 2747 2804 2805 2806 2807 2808 2809 2810 2811 2818 2819 2820 2821 2822 2997 3069 3070 3071 3072 3073 3119 3120 3121 3177 3178 3179 3180 3181 3182 3183 3184 3185 3186 3229 3230 3231 3232 3233 3234 3235 3236 3237 3388 3389 3390 3462 3463 3464 3465 3466 3467 3468 3469 3473 3474 3475 3476 3477 3478 3479 3480 3481 3540 3541 3542 3543 3544 3545 3546 3790 3791 3792 3793 3794 3795 3796 3840 3841 3842 3843 3844 3845 3846 3964 3965 3966 3992 3993 4040 4041 4042 4043 4195 4196 4197 4198 4199 4200 4201 4202 4203 4204 4205 4249 4250 4251 4325 4326 4327 4328 4329 4330 4331 4332 4333 4334 4335 4336 4337 4338 4381 4382 4383 4384 4385 4386 4387 4858 4859 4860 4885 4972 4973 4974 4975 4976 4977 5000 5001 5002 5020 5021 5058 5059 5060 5061 5062 5063 5064 5065 5066 5067 5068 5069 5070 5071 5072 5316 5388 5523 5524 5525 5526 5527 5561 5651 5652 5653 5654 5655 5656 5657 5658 5710 5712 5714 5715 5716 5718 5719 5720 5721 5725 5726 5727 5798 5799 5800 6035 6036 6037 6072 6073 6074 6075 6076 6077 6078 6079 6147 6148 6149 6150 6162 6238 6239 6240 6241 6242 6243 6266 6267 6268 6307 6308 6309 6310 6311 6312 6313 6314 6315 6316 6317 6364 6431 6432 6526 6527 6528 6529 6530 6531 6532 6533 6534 6535 6536 6582 6583 6584 6585 6586 6587 6588 6589 6590 6654 6663 6664 6665 6666 6667 6668 6669 6670 6671 6704 6705 6706 6707 6902 6903 6904 6905 6906 6907 6908 6909 6910 6911 6912 7035 7036 7037 7038 7114 7115 7116 7117 7118 7234 7296 7297 7298 7299 7300 7301 7302 7303 7304 7305 7306 7444 7445 7569 7580 7608 7609 7610 7611 7612 7613 7614 7617 7618 7637 7638 7639 7640 7641 7642 7643 7644 7645 7646 7647 7648 7649 7650 7651 7704 7705 7706 7707 7708 7709 7710 7711 8061 8062 8067 8068 8069
	}
	local_supplies=0.0 
}
