
state={
	id=56
	name="STATE_56"
	manpower = 2792936
	
	state_category = large_city
	#impassable = yes
	resources={
		aluminium=0
		chromium=0
		oil=0
		rubber=0
		steel=0
		tungsten=0
		coal=0
	}

	history={
		
		
		
		owner = KZL
		buildings = {
			infrastructure = 3
			
			arms_factory = 1
			industrial_complex = 1
			
			
		}
		add_core_of = KZL
	}

	provinces={
		456 458 460 461 462 463 464 1083 1127 1128 1129 1130 1198 1205 1207 1346 1350 1351 1353 1355 1357 1360 2290 2581 2582 2583 2857 2858 2859 2860 2861 2862 2863 2864 2865 2866 2867 2868 2869 2870 2871 3309 3614 3615 3616 3617 3748 3749 3750 3751 3752 3973 3976 3978 4059 4060 4061 4062 4063 4371 4372 4373 4675 4676 4678 4679 4680 4716 4717 4718 4719 4720 4721 4722 4778 4779 4780 4830 4831 5003 5004 5005 5006 5007 5551 5553 5554 5555 5622 5623 5743 5765 5766 5768 5769 5770 5772 5773 5774 5997 6029 6030 6031 6032 6033 6034 6346 6799 6800 6801 6802 6803 6804 6805 6968 6969 6970 6971 6972 6973 7374 7378 7812 7813 7814 7922 7923 7924 7925 7926
	}
	local_supplies=0.0 
}
