
state={
	id=6
	name="STATE_6"
	manpower = 2906430
	
	state_category = pastoral
	#impassable = yes
	resources={
		aluminium=0
		chromium=0
		oil=0
		rubber=0
		steel=0
		tungsten=0
		coal=0
	}

	history={
		victory_points = { 11 3}
		victory_points = { 13 1}
		
		owner = SAR
		buildings = {
			infrastructure = 1
			
			arms_factory = 1
			industrial_complex = 0
			
			
		}
		add_core_of = SAR
	}

	provinces={
		9 10 11 12 13 14 15 16 17 18 19 84 85 108 109 110 111 112 113 180 181 182 183 184 185 186 187 188 189 190 191 192 293 302 303 304 305 306 392 393 394 395 405 406 407 408 409 417 418 419 473 474 475 476 477 478 479 480 526 527 528 529 530 531 532 533 534 535 536 537 603 604 605 606 607 608 609 620 621 622 623 624 625 640 641 642 643 644 645 646 647 648 655 656 657 658 659 699 700 745 746 747 748 749 750 751 752 753 754 755 756 757 758 759 760 761 762 763 764 765 766 767 768 881 882 883 884 885 886 887 888 914 915 916 917 918 919 920 921 922 923 924 925 926 969 970 971 996 997 998 999 1036 1037 1038 1079 1080 1081 1082 1087 1088 1089 1090 1091 1092 1093 1137 1138 1139 1140 1141 1142 1143 1144 1145 1146 1171 1172 1173 1211 1212 1229 1230 1231 1232 1290 1291 1292 1293 1294 1295 1391 1392 1393 1394 1405 1406 1407 1408 1409 1410 1411 1412 1413 1414 1415 1416 1417 1418 1435 1436 1506 1507 1508 1509 1510 1511 1512 1513 1514 1539 1540 1541 1542 1543 1544 1545 1546 1547 1548 1549 1550 1551 1565 1566 1567 1568 1569 1570 1571 1572 1573 1574 1575 1576 1577 1578 1579 1580 1581 1582 1583 1584 1643 1644 1645 1646 1647 1648 1649 1650 1651 1660 1661 1662 1663 1664 1706 1707 1708 1709 1710 1711 1726 1746 1747 1748 1749 1750 1751 1752 1753 1754 1795 1796 1797 1798 1799 1800 1801 1816 1868 1869 1870 1871 1872 1873 1874 1911 1920 1921 1922 1923 1924 1925 1926 1927 2060 2061 2062 2063 2064 2065 2104 2105 2106 2107 2108 2109 2110 2111 2112 2113 2116 2117 2118 2119 2120 2121 2122 2123 2127 2192 2193 2194 2195 2196 2197 2198 2234 2235 2236 2237 2238 2260 2261 2262 2263 2264 2265 2304 2305 2306 2307 2308 2309 2310 2311 2312 2313 2314 2315 2316 2359 2360 2361 2362 2363 2364 2365 2366 2367 2368 2372 2373 2374 2375 2408 2409 2410 2468 2469 2470 2471 2472 2473 2474 2475 2476 2477 2478 2479 2480 2481 2482 2483 2484 2485 2486 2487 2488 2489 2510 2511 2512 2513 2536 2537 2551 2595 2596 2597 2598 2599 2610 2611 2612 2613 2614 2615 2616 2617 2618 2619 2620 2621 2622 2623 2624 2625 2626 2752 2753 2754 2755 2882 2883 2884 2885 2886 2887 2888 2909 2910 2911 2912 2922 2923 2924 2925 2926 2927 2928 2929 2930 2931 2932 2933 2934 3112 3113 3114 3115 3116 3117 3118 3172 3173 3174 3175 3176 3195 3196 3197 3198 3199 3200 3201 3202 3213 3214 3215 3216 3217 3218 3219 3220 3221 3222 3223 3224 3225 3226 3227 3228 3335 3336 3337 3338 3339 3340 3399 3400 3401 3402 3403 3404 3405 3406 3427 3428 3429 3430 3431 3432 3433 3434 3435 3458 3459 3460 3461 3517 3518 3519 3520 3521 3522 3523 3524 3525 3526 3527 3528 3529 3530 3531 3532 3533 3534 3535 3536 3565 3566 3567 3631 3632 3633 3634 3635 3636 3668 3669 3670 3671 3672 3692 3693 3694 3695 3696 3697 3715 3716 3717 3718 3719 3720 3721 3722 3723 3724 3725 3726 3727 3728 3729 3848 3849 3850 3851 3852 3853 3854 3855 3856 3942 3943 3944 3945 3946 3967 3968 3969 3970 3986 3987 3988 3989 3990 3991 4031 4032 4107 4108 4109 4110 4111 4117 4118 4119 4120 4140 4141 4142 4143 4167 4168 4169 4170 4171 4172 4173 4174 4175 4176 4177 4181 4182 4183 4184 4185 4186 4187 4188 4189 4190 4191 4192 4193 4194 4216 4217 4230 4231 4232 4233 4291 4292 4293 4294 4295 4296 4297 4298 4299 4300 4301 4302 4303 4304 4305 4306 4307 4308 4309 4388 4389 4390 4391 4392 4393 4394 4395 4396 4397 4398 4532 4534 4535 4536 4537 4539 4540 4541 4543 4545 4548 4549 4555 4556 4557 4558 4559 4560 4561 4562 4563 4564 4565 4566 4567 4568 4605 4606 4607 4632 4633 4634 4635 4636 4637 4638 4639 4640 4668 4669 4670 4671 4672 4673 4674 4696 4697 4698 4699 4700 4701 4702 4703 4704 4705 4706 4707 4708 4760 4761 4762 4763 4764 4765 4766 4767 4768 4769 4770 4771 4772 4773 4774 4775 4776 4777 4802 4837 4838 4839 4840 4841 4927 4928 4929 4930 4931 4932 4933 4934 4935 4936 4937 4938 4979 4980 4981 4982 4983 5046 5047 5048 5049 5050 5051 5052 5139 5140 5141 5142 5143 5144 5148 5149 5150 5151 5152 5153 5154 5195 5196 5197 5198 5199 5200 5201 5202 5203 5204 5205 5206 5207 5208 5268 5269 5270 5271 5272 5273 5274 5275 5276 5277 5278 5279 5286 5287 5288 5289 5304 5305 5325 5326 5327 5328 5329 5330 5331 5384 5385 5386 5387 5389 5482 5483 5486 5487 5488 5489 5490 5548 5549 5550 5556 5557 5558 5559 5560 5588 5589 5590 5647 5648 5649 5650 5698 5699 5700 5701 5702 5703 5704 5705 5732 5733 5734 5735 5736 5737 5738 5775 5776 5777 5778 5824 5825 5826 5827 5828 5829 5830 5831 5832 5833 5874 5935 5936 5937 5938 5939 5952 5953 5954 5955 6064 6065 6066 6175 6176 6177 6178 6179 6180 6181 6182 6202 6203 6204 6205 6206 6207 6208 6209 6210 6288 6289 6404 6405 6406 6407 6408 6458 6459 6460 6461 6466 6467 6468 6469 6470 6513 6514 6515 6613 6614 6615 6616 6624 6625 6626 6627 6628 6629 6630 6631 6632 6633 6644 6645 6646 6647 6648 6649 6650 6681 6682 6683 6693 6694 6695 6696 6697 6698 6699 6700 6701 6702 6703 6726 6727 6728 6748 6749 6750 6751 6752 6825 6826 6827 6828 6829 6830 6831 6855 6856 6859 6860 6861 6862 6863 6864 6865 6866 6867 6868 6869 6870 6871 6882 6883 6884 6885 6886 6887 6888 6889 6890 6891 6892 6893 6894 6918 7001 7002 7003 7004 7005 7006 7031 7032 7033 7034 7078 7079 7080 7081 7082 7083 7084 7140 7141 7142 7143 7144 7145 7146 7147 7148 7149 7150 7156 7157 7158 7159 7160 7161 7162 7163 7164 7171 7224 7225 7226 7255 7256 7274 7275 7276 7277 7307 7308 7309 7310 7311 7344 7345 7349 7360 7361 7362 7363 7365 7366 7392 7393 7394 7395 7408 7409 7410 7411 7412 7413 7414 7415 7416 7417 7418 7425 7426 7427 7446 7447 7448 7509 7510 7553 7554 7555 7570 7571 7572 7573 7574 7575 7576 7623 7624 7625 7626 7627 7628 7629 7630 7631 7632 7633 7634 7635 7636 7652 7653 7712 7716 7717 7718 7719 7720 7742 7743 7744 7745 7746 7747 7748 7749 7750 7751 7752 7774 7775 7776 7777 7778 7779 7780 7781 7782 7783 7784 7785 7833 7834 7835 7836 7837 7838 7936 7937 7938 7939 7940 7941 7942 7964 7965 7966 7967 7968 7969 8031 8032 8033 8034 8035 8036 8037 8038 8039 8040 8041 8079 8147 8148
	}
	local_supplies=0.0 
}
