
state={
	id=7
	name="STATE_7"
	manpower = 1929167
	
	state_category = small_island
	#impassable = yes
	resources={
		aluminium=0
		chromium=0
		oil=0
		rubber=0
		steel=0
		tungsten=0
		coal=0
	}

	history={
		victory_points = { 78 1}
		victory_points = { 79 1}
		
		owner = IBE
		buildings = {
			infrastructure = 1
			air_base = 1
			arms_factory = 0
			industrial_complex = 0
			
			
		}
		add_core_of = IBE
	}

	provinces={
		78 79 80 81 82 83 163 164 165 166 167 168 808 809 810 811 812 813 960 961 962 963 964 965 1020 2411 2412 2413 2414 2415 2416 2417 2418 2419 2420 2421 2422 2423 2424 2425 2426 2427 2428 2713 2714 2715 2716 2767 2768 2769 2770 2771 2772 2773 2774 2775 2776 2778 2779 2780 2782 2783 2836 2913 2914 2915 3055 3056 3057 3058 3059 3060 3061 3191 3192 3193 3289 3290 3291 3292 3414 3415 3416 3417 3418 3419 3420 3421 3422 3423 3424 3425 3426 3470 3471 3472 3639 3640 3641 3642 3643 3644 3645 3646 3647 3648 3649 3650 3651 3652 3653 3654 3655 3656 4159 4160 4161 4162 4163 4164 4165 4166 4592 4863 4864 4865 4900 4901 4902 4903 4904 4984 4985 4986 4987 4988 4989 4990 4991 4992 4993 5161 5162 5163 5164 5165 5166 5167 5168 5169 5170 5396 5397 5398 5399 5567 5568 5569 5570 5571 5572 5573 5574 5575 5606 5607 6021 6022 6023 6024 6136 6137 6138 6253 6254 6255 6256 6519 6607 6608 6609 6610 6611 6612 6753 6806 6807 6808 6809 6810 6811 6812 6813 6814 6815 6816 6817 6818 6819 6820 6821 6927 6930 6931 7123 7124 7125 7126 7127 7205 7206 7207 7208 7209 7210 7272 7336 7337 7338 7339 7340 7381 7382 7383 7384 7385 7525 7526 7527 7528 7529 7530 7556 7557 7558 7559 7560 7561 7562 7687 7688 7689 7690 7691 7692 7693 7764 7765 7766 7767 7768 7769 7770 7843 7844 7845 7846 7847 7892 7893 7894 7895 7896 7897 7898 7899 7900 7901 7902 7903 7904 8107 8108 8109 8110 8111 8112 8113 8114 8115 8116 8117 8118 8119 8120 8121 8122 8123 8124 8125 8126 8127 8128 8129 8130 8131 8132 8133 8134 8135 8136 8137 8140 8141 8142 8143 8144 8145 8146 8152 8153 8154 8159 8160 8161 8162 8163 8164 8165 8166 8167 8168 8169 8170 8171 8172 8173 8174 8175 8176 8177 8185 8186 8188 8189 8190 8195 8199 8208 8209 8210 8211 8212 8213 8215 8216 8220 8221 8224 8225 8226 8227 8229 8231 8233 8235 8236 8238 8239 8240 8242 8246 8247 8249 8250
	}
	local_supplies=0.0 
}
